# energy(eV) alpha
2.149999999999999828e-02 1.402522747772630696e-01
4.309999999999999942e-02 6.547101035054764262e-01
6.460000000000000464e-02 1.401897637330915769e+00
8.609999999999999598e-02 2.429020477984285442e+00
1.076000000000000012e-01 3.966059631015382170e+00
1.292000000000000093e-01 5.458741833044008729e+00
1.507000000000000006e-01 7.347782388773896223e+00
1.721999999999999920e-01 9.700571337924209558e+00
1.937000000000000111e-01 1.237678380219585428e+01
2.152999999999999914e-01 1.515686410742029899e+01
2.368000000000000105e-01 1.846300057188616961e+01
2.582999999999999741e-01 2.209354322496551504e+01
2.797999999999999932e-01 2.574744428315331746e+01
3.014000000000000012e-01 3.033603080338103908e+01
3.229000000000000203e-01 3.459556181179814871e+01
3.443999999999999839e-01 3.950142709754502590e+01
3.659000000000000030e-01 4.473016495981396901e+01
3.875000000000000111e-01 4.987825760106994011e+01
4.089999999999999747e-01 5.616643010573540096e+01
4.304999999999999938e-01 6.190533446664949224e+01
4.520000000000000129e-01 6.888536314088865709e+01
4.736000000000000210e-01 7.523848407754097423e+01
4.950999999999999845e-01 8.290766825407133922e+01
5.165999999999999481e-01 9.038846529651073070e+01
5.381000000000000227e-01 9.819412451205521108e+01
5.596999999999999753e-01 1.069624842507161588e+02
5.812000000000000499e-01 1.154280657786932665e+02
6.027000000000000135e-01 1.242168300476204621e+02
6.241999999999999771e-01 1.339870090924357271e+02
6.458000000000000407e-01 1.434574039683476485e+02
6.673000000000000043e-01 1.539651772252374542e+02
6.887999999999999678e-01 1.647952330681083311e+02
7.103000000000000425e-01 1.759942858969183419e+02
7.318999999999999950e-01 1.883924114463558226e+02
7.533999999999999586e-01 1.995342045212885012e+02
7.749000000000000332e-01 2.118124872255446007e+02
7.963999999999999968e-01 2.244887401022249378e+02
8.179999999999999494e-01 2.375126734360962928e+02
8.395000000000000240e-01 2.517954595991826352e+02
8.609999999999999876e-01 2.655151297699578095e+02
8.824999999999999512e-01 2.824491013020217451e+02
9.041000000000000147e-01 2.969878613863899659e+02
9.255999999999999783e-01 3.128674518106116693e+02
9.471000000000000529e-01 3.291484709668152959e+02
9.686000000000000165e-01 3.468507434227549311e+02
9.901999999999999691e-01 3.639331354041250393e+02
1.011700000000000044e+00 3.824857292740266530e+02
1.033199999999999896e+00 4.014666155765790450e+02
1.054699999999999971e+00 4.208958308105229094e+02
1.076300000000000034e+00 4.407959935573035182e+02
1.097800000000000109e+00 4.622435187784635673e+02
1.119299999999999962e+00 4.829894298670749322e+02
1.140800000000000036e+00 5.053621805796101398e+02
1.162400000000000100e+00 5.295319075848766488e+02
1.183899999999999952e+00 5.528536643621896474e+02
1.205400000000000027e+00 5.779804752108019557e+02
1.226900000000000102e+00 6.048426353768330728e+02
1.248499999999999943e+00 6.310522902699167389e+02
1.270000000000000018e+00 6.576523701383339358e+02
1.291500000000000092e+00 6.861757199787225545e+02
1.312999999999999945e+00 7.166103641114656284e+02
1.334600000000000009e+00 7.476685357624388644e+02
1.356100000000000083e+00 7.792726698665857157e+02
1.377599999999999936e+00 8.128729960485288757e+02
1.399100000000000010e+00 8.471639080850262644e+02
1.420700000000000074e+00 8.820591092884910722e+02
1.442199999999999926e+00 9.205788772171116534e+02
1.463700000000000001e+00 9.581848134001620565e+02
1.485200000000000076e+00 9.980512074565377816e+02
1.506799999999999917e+00 1.041794391954810635e+03
1.528299999999999992e+00 1.084636394633307418e+03
1.549800000000000066e+00 1.131478327852299344e+03
1.571399999999999908e+00 1.177473611494091529e+03
1.592899999999999983e+00 1.229161139916949423e+03
1.614400000000000057e+00 1.283367110062819165e+03
1.635899999999999910e+00 1.341934717459826743e+03
1.657499999999999973e+00 1.401461817158561416e+03
1.679000000000000048e+00 1.465391935578284347e+03
1.700499999999999901e+00 1.532112314314322248e+03
1.721999999999999975e+00 1.605209278019167641e+03
1.743600000000000039e+00 1.683214807891232567e+03
1.765099999999999891e+00 1.767803624310407258e+03
1.786599999999999966e+00 1.857459560246595174e+03
1.808100000000000041e+00 1.950293855948881173e+03
1.829700000000000104e+00 2.054189838612584481e+03
1.851199999999999957e+00 2.163337648145484764e+03
1.872700000000000031e+00 2.281750657370453609e+03
1.894200000000000106e+00 2.407816985743703754e+03
1.915799999999999947e+00 2.543784729268252249e+03
1.937300000000000022e+00 2.691432012595211290e+03
1.958800000000000097e+00 2.853381886528748055e+03
1.980299999999999949e+00 3.021685295021032744e+03
2.001900000000000013e+00 3.206847556370214534e+03
2.023400000000000087e+00 3.398681356348225108e+03
2.044900000000000162e+00 3.603694359995065042e+03
2.066399999999999793e+00 3.822000887831327418e+03
2.088000000000000078e+00 4.049860449034900284e+03
2.109500000000000153e+00 4.293301871260287953e+03
2.130999999999999783e+00 4.555092972601526526e+03
2.152499999999999858e+00 4.837556446707450050e+03
2.174100000000000144e+00 5.143564609286403538e+03
2.195600000000000218e+00 5.475222349428633606e+03
2.217099999999999849e+00 5.833206071353580228e+03
2.238599999999999923e+00 6.224715379958600352e+03
2.260200000000000209e+00 6.648390642166862563e+03
2.281699999999999839e+00 7.115356120373221529e+03
2.303199999999999914e+00 7.631126280884015614e+03
2.324699999999999989e+00 8.205944680450433225e+03
2.346299999999999830e+00 8.847905049947419684e+03
2.367799999999999905e+00 9.571679810014027680e+03
2.389299999999999979e+00 1.037885405827780778e+04
2.410800000000000054e+00 1.129002551878472696e+04
2.432399999999999896e+00 1.231219796673162455e+04
2.453899999999999970e+00 1.347037642999169475e+04
2.475400000000000045e+00 1.477737608356995224e+04
2.496900000000000119e+00 1.626042073638216789e+04
2.518499999999999961e+00 1.793183993401529733e+04
2.540000000000000036e+00 1.980524836086717187e+04
2.561500000000000110e+00 2.188041418065381004e+04
2.583000000000000185e+00 2.414007272665707205e+04
2.604600000000000026e+00 2.657138425697202911e+04
2.626100000000000101e+00 2.912114134192636629e+04
2.647600000000000176e+00 3.174597586999051782e+04
2.669099999999999806e+00 3.437969137257253897e+04
2.690700000000000092e+00 3.695799257064435369e+04
2.712200000000000166e+00 3.939973350441424554e+04
2.733699999999999797e+00 4.163673813323117793e+04
2.755199999999999871e+00 4.357826517904661159e+04
2.776800000000000157e+00 4.516668626151836361e+04
2.798299999999999788e+00 4.635485795023464016e+04
2.819799999999999862e+00 4.712419598702234362e+04
2.841299999999999937e+00 4.751219277656578197e+04
2.862899999999999778e+00 4.758579415045904898e+04
2.884399999999999853e+00 4.743957989063731657e+04
2.905899999999999928e+00 4.720067428326306253e+04
2.927400000000000002e+00 4.696819643197539699e+04
2.948999999999999844e+00 4.683726953372135904e+04
2.970499999999999918e+00 4.686180748611150193e+04
2.991999999999999993e+00 4.706866748059252859e+04
3.013500000000000068e+00 4.746391947193705710e+04
3.035099999999999909e+00 4.802941920844227570e+04
3.056599999999999984e+00 4.874641201341522537e+04
3.078100000000000058e+00 4.958353132601288235e+04
3.099699999999999900e+00 5.052949630617537332e+04
3.121199999999999974e+00 5.156767856396899879e+04
3.142700000000000049e+00 5.267922799453989137e+04
3.164200000000000124e+00 5.385261488248814567e+04
3.185799999999999965e+00 5.506175758554912318e+04
3.207300000000000040e+00 5.627883657672093250e+04
3.228800000000000114e+00 5.746712570776177017e+04
3.250300000000000189e+00 5.860205685130500933e+04
3.271900000000000031e+00 5.968563792093715892e+04
3.293400000000000105e+00 6.075246865743297531e+04
3.314900000000000180e+00 6.186141908521837468e+04
3.336399999999999810e+00 6.312502857180743740e+04
3.358000000000000096e+00 6.464331416649850871e+04
3.379500000000000171e+00 6.650507084700099949e+04
3.400999999999999801e+00 6.876266843677753059e+04
3.422499999999999876e+00 7.143757596052618464e+04
3.444100000000000161e+00 7.451126313812704757e+04
3.465599999999999792e+00 7.792262396142122452e+04
3.487099999999999866e+00 8.162138437662417709e+04
3.508599999999999941e+00 8.553656016915479267e+04
3.530199999999999783e+00 8.960180195626313798e+04
3.551699999999999857e+00 9.373317918045299302e+04
3.573199999999999932e+00 9.785216595638667059e+04
3.594700000000000006e+00 1.018693821852107212e+05
3.616299999999999848e+00 1.057047264086528012e+05
3.637799999999999923e+00 1.092759156276938156e+05
3.659299999999999997e+00 1.125544902938254381e+05
3.680800000000000072e+00 1.155452720255852473e+05
3.702399999999999913e+00 1.183112727333331568e+05
3.723899999999999988e+00 1.209387412292247900e+05
3.745400000000000063e+00 1.235296036367413471e+05
3.766900000000000137e+00 1.261872968229262187e+05
3.788499999999999979e+00 1.289908985493925138e+05
3.810000000000000053e+00 1.319776575330497872e+05
3.831500000000000128e+00 1.351461362842115632e+05
3.853000000000000203e+00 1.384803535077862616e+05
3.874600000000000044e+00 1.419247827002776903e+05
3.896100000000000119e+00 1.454185239439433499e+05
3.917600000000000193e+00 1.489001393028987804e+05
3.939099999999999824e+00 1.523107113214175042e+05
3.960700000000000109e+00 1.556169807573241706e+05
3.982200000000000184e+00 1.588087094452749297e+05
4.003700000000000259e+00 1.619101560975736938e+05
4.025199999999999889e+00 1.649756709870549676e+05
4.046800000000000175e+00 1.680716407111480366e+05
4.068299999999999805e+00 1.712269056146959192e+05
4.089800000000000324e+00 1.744698239602876129e+05
4.111299999999999955e+00 1.777662591346359986e+05
4.132900000000000240e+00 1.810482499098244298e+05
4.154399999999999871e+00 1.842415093645316956e+05
4.175900000000000389e+00 1.872682486731791578e+05
4.197400000000000020e+00 1.900907735050284828e+05
4.219000000000000306e+00 1.926913336828642350e+05
4.240499999999999936e+00 1.950745476112984179e+05
4.261999999999999567e+00 1.972825777261300536e+05
4.283500000000000085e+00 1.993498961442588770e+05
4.305100000000000371e+00 2.012823779312517727e+05
4.326600000000000001e+00 2.030840384470060526e+05
4.348099999999999632e+00 2.047428591791669314e+05
4.369600000000000151e+00 2.062354035799357516e+05
4.391200000000000436e+00 2.075639312704768672e+05
4.412700000000000067e+00 2.087470588252921880e+05
4.434199999999999697e+00 2.098233644289092335e+05
4.455700000000000216e+00 2.108704878458094317e+05
4.477299999999999613e+00 2.119775209138174541e+05
4.498800000000000132e+00 2.132402095443904109e+05
4.520299999999999763e+00 2.147382045148038014e+05
4.541800000000000281e+00 2.165330547736433509e+05
4.563399999999999679e+00 2.186402753219292499e+05
4.584900000000000198e+00 2.210574924956957402e+05
4.606399999999999828e+00 2.237231718756737828e+05
4.628000000000000114e+00 2.265917716872281162e+05
4.649499999999999744e+00 2.295732509162681235e+05
4.671000000000000263e+00 2.325682268135359045e+05
4.692499999999999893e+00 2.355038042478012794e+05
4.714100000000000179e+00 2.383606714717427676e+05
4.735599999999999810e+00 2.411277450573862588e+05
4.757100000000000328e+00 2.439017671851655468e+05
4.778599999999999959e+00 2.467941026912402303e+05
4.800200000000000244e+00 2.499295384918869531e+05
4.821699999999999875e+00 2.534046582444942032e+05
4.843200000000000394e+00 2.572629806701030757e+05
4.864700000000000024e+00 2.614795540894848818e+05
4.886300000000000310e+00 2.659531746045371401e+05
4.907799999999999940e+00 2.705405657423257944e+05
4.929299999999999571e+00 2.750818836315847584e+05
4.950800000000000090e+00 2.794115468205937650e+05
4.972400000000000375e+00 2.834320222682377207e+05
4.993900000000000006e+00 2.870578168664868572e+05
5.015399999999999636e+00 2.902855325394428801e+05
5.036900000000000155e+00 2.931413300045085489e+05
5.058500000000000441e+00 2.957226893876532558e+05
5.080000000000000071e+00 2.981029522284155828e+05
5.101499999999999702e+00 3.004012349262356292e+05
5.123000000000000220e+00 3.026699587947385735e+05
5.144599999999999618e+00 3.049552526709525846e+05
5.166100000000000136e+00 3.072699668680017348e+05
5.187599999999999767e+00 3.096080677275022026e+05
5.209100000000000286e+00 3.119732253562474507e+05
5.230699999999999683e+00 3.143998323690511170e+05
5.252200000000000202e+00 3.168922149796274025e+05
5.273699999999999832e+00 3.194907244925735868e+05
5.295200000000000351e+00 3.222018282387625077e+05
5.316799999999999748e+00 3.249896267861470697e+05
5.338300000000000267e+00 3.277578858019118779e+05
5.359799999999999898e+00 3.303974946282347082e+05
5.381300000000000416e+00 3.327864611277056974e+05
5.402899999999999814e+00 3.347932656456326949e+05
5.424400000000000333e+00 3.362713975642156438e+05
5.445899999999999963e+00 3.371091902530707885e+05
5.467399999999999594e+00 3.371093856365711545e+05
5.488999999999999879e+00 3.361469907624626649e+05
5.510500000000000398e+00 3.340130619811898214e+05
5.532000000000000028e+00 3.306137968912759679e+05
5.553499999999999659e+00 3.259197716758313472e+05
5.575099999999999945e+00 3.200794177518927027e+05
5.596599999999999575e+00 3.133250427971808240e+05
5.618100000000000094e+00 3.060519352511631441e+05
5.639599999999999724e+00 2.986952813713895157e+05
5.661200000000000010e+00 2.916965132820042782e+05
5.682699999999999640e+00 2.854010886329801870e+05
5.704200000000000159e+00 2.801086753688364406e+05
5.725699999999999790e+00 2.760061773242976633e+05
5.747300000000000075e+00 2.731715713615362183e+05
5.768799999999999706e+00 2.716372310448000790e+05
5.790300000000000225e+00 2.713438425443152082e+05
5.811799999999999855e+00 2.721929701979194651e+05
5.833400000000000141e+00 2.740292616281197406e+05
5.854899999999999771e+00 2.766423932920306688e+05
5.876400000000000290e+00 2.798184557520402013e+05
5.897899999999999920e+00 2.833424141383482493e+05
5.919500000000000206e+00 2.870347133936719038e+05
5.940999999999999837e+00 2.907362413642703905e+05
5.962500000000000355e+00 2.943350781127642258e+05
5.983999999999999986e+00 2.977940642423190293e+05
6.005600000000000271e+00 3.011013782684164471e+05
6.027099999999999902e+00 3.042632276396257221e+05
6.048600000000000421e+00 3.072932578639923013e+05
6.070100000000000051e+00 3.102308095033261343e+05
6.091700000000000337e+00 3.130916331791587290e+05
6.113199999999999967e+00 3.159075060348988627e+05
6.134699999999999598e+00 3.187012206647861167e+05
6.156299999999999883e+00 3.214824076896714396e+05
6.177800000000000402e+00 3.242595289375700522e+05
6.199300000000000033e+00 3.270064748057592078e+05
6.220799999999999663e+00 3.296764624883041834e+05
6.242399999999999949e+00 3.321858850551646901e+05
6.263899999999999579e+00 3.344175179334110580e+05
6.285400000000000098e+00 3.362596235492508858e+05
6.306899999999999729e+00 3.375979245479414822e+05
6.328500000000000014e+00 3.383778112089345232e+05
6.349999999999999645e+00 3.385962821542962920e+05
6.371500000000000163e+00 3.383186110057781916e+05
6.392999999999999794e+00 3.377006690592833911e+05
6.414600000000000080e+00 3.369147288920875289e+05
6.436099999999999710e+00 3.361587549578665057e+05
6.457600000000000229e+00 3.356115729277210776e+05
6.479099999999999859e+00 3.354181122220358811e+05
6.500700000000000145e+00 3.356918032337251934e+05
6.522199999999999775e+00 3.365201109222565428e+05
6.543700000000000294e+00 3.379465933411676087e+05
6.565199999999999925e+00 3.399858850766080432e+05
6.586800000000000210e+00 3.426478602651639958e+05
6.608299999999999841e+00 3.458660280393666471e+05
6.629800000000000360e+00 3.495877423321058159e+05
6.651299999999999990e+00 3.537108941890629940e+05
6.672900000000000276e+00 3.581938069174223929e+05
6.694399999999999906e+00 3.629328003365918994e+05
6.715900000000000425e+00 3.678703316175995860e+05
6.737400000000000055e+00 3.729923234035912901e+05
6.759000000000000341e+00 3.782895357922769035e+05
6.780499999999999972e+00 3.837113916190965683e+05
6.801999999999999602e+00 3.892284370897600893e+05
6.823500000000000121e+00 3.947687027674096753e+05
6.845100000000000406e+00 4.002852305693472736e+05
6.866600000000000037e+00 4.056392261822985602e+05
6.888099999999999667e+00 4.107868129619304091e+05
6.909600000000000186e+00 4.156232072739182622e+05
6.931199999999999584e+00 4.201230994720098097e+05
6.952700000000000102e+00 4.242576396754427697e+05
6.974199999999999733e+00 4.280328683510420960e+05
6.995700000000000252e+00 4.314624123904212029e+05
7.017299999999999649e+00 4.345656601813225425e+05
7.038800000000000168e+00 4.373438215028483537e+05
7.060299999999999798e+00 4.398066609868922387e+05
7.081800000000000317e+00 4.420031334821497439e+05
7.103399999999999714e+00 4.439723444849972147e+05
7.124900000000000233e+00 4.457770719839360099e+05
7.146399999999999864e+00 4.474964485506068449e+05
7.167900000000000382e+00 4.492401760631012730e+05
7.189499999999999780e+00 4.510918893145266920e+05
7.211000000000000298e+00 4.531504719878758187e+05
7.232499999999999929e+00 4.554653498373450129e+05
7.253999999999999559e+00 4.580955766115172300e+05
7.275599999999999845e+00 4.610733160801812191e+05
7.297100000000000364e+00 4.643832484279586351e+05
7.318599999999999994e+00 4.679866907983929268e+05
7.340099999999999625e+00 4.718612143932976760e+05
7.361699999999999910e+00 4.759406920785956900e+05
7.383200000000000429e+00 4.801560967281425255e+05
7.404700000000000060e+00 4.844386191340445657e+05
7.426199999999999690e+00 4.887171156554633635e+05
7.447799999999999976e+00 4.929200002972073853e+05
7.469299999999999606e+00 4.969806565809597378e+05
7.490800000000000125e+00 5.008388286019659718e+05
7.512299999999999756e+00 5.044456752331067692e+05
7.533900000000000041e+00 5.077990544880733360e+05
7.555399999999999672e+00 5.108444739929086645e+05
7.576900000000000190e+00 5.135828623642949387e+05
7.598499999999999588e+00 5.160604529397143051e+05
7.620000000000000107e+00 5.182670002006973955e+05
7.641499999999999737e+00 5.202067261826267350e+05
7.663000000000000256e+00 5.218942490826863796e+05
7.684599999999999653e+00 5.233250766720448155e+05
7.706100000000000172e+00 5.244937918846352259e+05
7.727599999999999802e+00 5.253867257844795240e+05
7.749100000000000321e+00 5.260004862771462649e+05
7.770699999999999719e+00 5.263400777824771358e+05
7.792200000000000237e+00 5.263802497852545930e+05
7.813699999999999868e+00 5.261579338669215795e+05
7.835200000000000387e+00 5.256822227475495311e+05
7.856799999999999784e+00 5.249929276066842722e+05
7.878300000000000303e+00 5.241100104979029857e+05
7.899799999999999933e+00 5.230842313731143367e+05
7.921299999999999564e+00 5.219460608447730192e+05
7.942899999999999849e+00 5.207308258774533751e+05
7.964400000000000368e+00 5.194792116089295596e+05
7.985899999999999999e+00 5.182424672348548775e+05
8.007400000000000517e+00 5.170670909041340346e+05
8.028999999999999915e+00 5.160588185438996297e+05
8.050499999999999545e+00 5.152633170670645195e+05
8.071999999999999176e+00 5.147539145722577232e+05
8.093500000000000583e+00 5.145672873143341276e+05
8.115099999999999980e+00 5.147620931579840253e+05
8.136599999999999611e+00 5.152991822796291090e+05
8.158099999999999241e+00 5.162120031945327646e+05
8.179600000000000648e+00 5.174366169839634676e+05
8.201200000000000045e+00 5.189617726217449526e+05
8.222699999999999676e+00 5.207533737775436603e+05
8.244199999999999307e+00 5.228070475793674123e+05
8.265700000000000713e+00 5.251016743910693331e+05
8.287300000000000111e+00 5.276976173481422011e+05
8.308799999999999741e+00 5.305718732489341637e+05
8.330299999999999372e+00 5.337143832701705396e+05
8.351800000000000779e+00 5.371377187977178255e+05
8.373400000000000176e+00 5.407725880650213221e+05
8.394899999999999807e+00 5.445296276415950852e+05
8.416399999999999437e+00 5.482970122262554942e+05
8.437900000000000844e+00 5.519454058788053226e+05
8.459500000000000242e+00 5.553442938763425918e+05
8.480999999999999872e+00 5.583694503699798370e+05
8.502499999999999503e+00 5.609368033505672356e+05
8.523999999999999133e+00 5.629686526410965016e+05
8.545600000000000307e+00 5.644353200551500777e+05
8.567099999999999937e+00 5.653489867821923690e+05
8.588599999999999568e+00 5.657790949809545418e+05
8.610099999999999199e+00 5.657524426041039405e+05
8.631700000000000372e+00 5.653598373870422365e+05
8.653200000000000003e+00 5.646771726386732189e+05
8.674699999999999633e+00 5.637415500053082360e+05
8.696199999999999264e+00 5.625608133555760141e+05
8.717800000000000438e+00 5.611820881233999971e+05
8.739300000000000068e+00 5.595758692098852480e+05
8.760799999999999699e+00 5.577001578895952553e+05
8.782299999999999329e+00 5.555363436017086497e+05
8.803900000000000503e+00 5.530958059839642374e+05
8.825400000000000134e+00 5.503679602573565207e+05
8.846899999999999764e+00 5.473718340497059980e+05
8.868399999999999395e+00 5.441519751296646427e+05
8.890000000000000568e+00 5.407419178277382161e+05
8.911500000000000199e+00 5.372353964293161407e+05
8.932999999999999829e+00 5.337166993628861383e+05
8.954499999999999460e+00 5.303032678006755887e+05
8.976100000000000634e+00 5.271147700105062686e+05
8.997600000000000264e+00 5.242904967796351993e+05
9.019099999999999895e+00 5.219502407404526020e+05
9.040599999999999525e+00 5.202674718090711976e+05
9.062200000000000699e+00 5.193074341403351282e+05
9.083700000000000330e+00 5.191874563108868897e+05
9.105199999999999960e+00 5.199585652586049400e+05
9.126799999999999358e+00 5.216878070331803174e+05
9.148300000000000765e+00 5.243727757819505641e+05
9.169800000000000395e+00 5.280008428313354962e+05
9.191300000000000026e+00 5.325870343977863668e+05
9.212899999999999423e+00 5.380961421790759778e+05
9.234400000000000830e+00 5.444378127747888211e+05
9.255900000000000460e+00 5.515480412753274431e+05
9.277400000000000091e+00 5.593399204499474727e+05
9.298999999999999488e+00 5.676992125833044993e+05
9.320499999999999119e+00 5.764228582829977386e+05
9.342000000000000526e+00 5.853621384636937873e+05
9.363500000000000156e+00 5.943308981924260734e+05
9.385099999999999554e+00 6.031732974976267433e+05
9.406599999999999184e+00 6.117038736939597875e+05
9.428100000000000591e+00 6.198651628409567056e+05
9.449600000000000222e+00 6.276137867253491422e+05
9.471199999999999619e+00 6.349856262263336685e+05
9.492699999999999250e+00 6.420731554925680393e+05
9.514200000000000657e+00 6.489752661830175202e+05
9.535700000000000287e+00 6.558854658831262495e+05
9.557299999999999685e+00 6.629525833789968165e+05
9.578799999999999315e+00 6.703742386479695560e+05
9.600300000000000722e+00 6.783166069469306385e+05
9.621800000000000352e+00 6.869150561452894472e+05
9.643399999999999750e+00 6.962654754057395039e+05
9.664899999999999380e+00 7.064260282322699204e+05
9.686400000000000787e+00 7.173868150380213046e+05
9.707900000000000418e+00 7.290707283219626406e+05
9.729499999999999815e+00 7.413355805326622212e+05
9.750999999999999446e+00 7.540070363809075207e+05
9.772500000000000853e+00 7.669018776148175821e+05
9.794000000000000483e+00 7.798159191787410527e+05
9.815599999999999881e+00 7.925955910924993223e+05
9.837099999999999511e+00 8.050976439188336954e+05
9.858599999999999142e+00 8.172419349200403085e+05
9.880100000000000549e+00 8.290055737590518547e+05
9.901699999999999946e+00 8.403862477988316678e+05
9.923199999999999577e+00 8.514452763209628174e+05
9.944699999999999207e+00 8.622461485731620342e+05
9.966200000000000614e+00 8.728870472720037214e+05
9.987800000000000011e+00 8.835226798027612967e+05
1.000929999999999964e+01 8.942033599636383587e+05
1.003079999999999927e+01 9.050863386715030065e+05
1.005230000000000068e+01 9.162516476009649923e+05
1.007390000000000008e+01 9.277568992888820358e+05
1.009539999999999971e+01 9.396102172833072254e+05
1.011689999999999934e+01 9.517623810855997726e+05
1.013840000000000074e+01 9.641559741977412486e+05
1.016000000000000014e+01 9.766793987844685325e+05
1.018149999999999977e+01 9.891694236497455277e+05
1.020299999999999940e+01 1.001442802699860185e+06
1.022450000000000081e+01 1.013327661822570954e+06
1.024610000000000021e+01 1.024665617644394748e+06
1.026759999999999984e+01 1.035309239745050669e+06
1.028909999999999947e+01 1.045183482679703855e+06
1.031060000000000088e+01 1.054210719683145406e+06
1.033220000000000027e+01 1.062378264725873247e+06
1.035369999999999990e+01 1.069684493753567338e+06
1.037519999999999953e+01 1.076194712747013895e+06
1.039669999999999916e+01 1.081953386760511436e+06
1.041830000000000034e+01 1.087012839601605432e+06
1.043979999999999997e+01 1.091394756794683868e+06
1.046129999999999960e+01 1.095118179963019677e+06
1.048279999999999923e+01 1.098182028566238703e+06
1.050440000000000040e+01 1.100558650040628156e+06
1.052590000000000003e+01 1.102176262447073823e+06
1.054739999999999966e+01 1.102996219080280513e+06
1.056889999999999930e+01 1.102925472090672469e+06
1.059050000000000047e+01 1.101948899715660373e+06
1.061200000000000010e+01 1.100006147322573699e+06
1.063349999999999973e+01 1.097086770608874038e+06
1.065509999999999913e+01 1.093270570711191278e+06
1.067660000000000053e+01 1.088579175944021670e+06
1.069810000000000016e+01 1.083119670117816189e+06
1.071959999999999980e+01 1.076947805419775425e+06
1.074119999999999919e+01 1.070238353677547770e+06
1.076270000000000060e+01 1.063001606601575622e+06
1.078420000000000023e+01 1.055356362217080081e+06
1.080569999999999986e+01 1.047285944364598137e+06
1.082729999999999926e+01 1.038871418982285890e+06
1.084880000000000067e+01 1.030120469496387057e+06
1.087030000000000030e+01 1.021037727488514385e+06
1.089179999999999993e+01 1.011700163045122754e+06
1.091339999999999932e+01 1.002157411372414208e+06
1.093490000000000073e+01 9.924441061690239003e+05
1.095640000000000036e+01 9.826437664520280669e+05
1.097789999999999999e+01 9.728782509185768431e+05
1.099949999999999939e+01 9.631676680985051207e+05
1.102100000000000080e+01 9.535857422785345698e+05
1.104250000000000043e+01 9.441930687488181284e+05
1.106400000000000006e+01 9.349916256975134602e+05
1.108559999999999945e+01 9.259934665350908181e+05
1.110710000000000086e+01 9.172529469163023168e+05
1.112860000000000049e+01 9.087564028039895929e+05
1.115010000000000012e+01 9.005399860290860524e+05
1.117169999999999952e+01 8.925731284371372312e+05
1.119319999999999915e+01 8.848327156664911890e+05
1.121470000000000056e+01 8.773018577763180947e+05
1.123620000000000019e+01 8.698610721748770447e+05
1.125779999999999959e+01 8.624347492176052183e+05
1.127929999999999922e+01 8.548586240012181224e+05
1.130080000000000062e+01 8.470573259828981245e+05
1.132230000000000025e+01 8.388516695887343958e+05
1.134389999999999965e+01 8.301518555962428218e+05
1.136539999999999928e+01 8.208141163243679330e+05
1.138690000000000069e+01 8.107810938114266610e+05
1.140840000000000032e+01 7.999855766211552545e+05
1.142999999999999972e+01 7.884022533305851975e+05
1.145149999999999935e+01 7.760662006645426154e+05
1.147300000000000075e+01 7.629287995569406776e+05
1.149450000000000038e+01 7.490566982999505708e+05
1.151609999999999978e+01 7.345607246671831235e+05
1.153759999999999941e+01 7.194637078818428563e+05
1.155910000000000082e+01 7.038826875341647537e+05
1.158060000000000045e+01 6.879418460508830613e+05
1.160219999999999985e+01 6.716911519542426104e+05
1.162369999999999948e+01 6.553541875548528042e+05
1.164520000000000088e+01 6.390514572974863695e+05
1.166670000000000051e+01 6.229192908215224743e+05
1.168829999999999991e+01 6.071099465572036570e+05
1.170979999999999954e+01 5.917204658591762418e+05
1.173129999999999917e+01 5.768987778182215989e+05
1.175280000000000058e+01 5.626966784693654627e+05
1.177439999999999998e+01 5.490789067940642126e+05
1.179589999999999961e+01 5.360450522798730526e+05
1.181739999999999924e+01 5.234584657328759204e+05
1.183890000000000065e+01 5.112985028360568103e+05
1.186050000000000004e+01 4.993715461542049889e+05
1.188199999999999967e+01 4.876678691469586338e+05
1.190349999999999930e+01 4.760210532879091334e+05
1.192500000000000071e+01 4.644301459382132743e+05
1.194660000000000011e+01 4.529212937513240613e+05
1.196809999999999974e+01 4.413651509341991623e+05
1.198959999999999937e+01 4.299507075842279010e+05
1.201110000000000078e+01 4.186774949856282328e+05
1.203270000000000017e+01 4.076305849895907450e+05
1.205419999999999980e+01 3.968484489672221243e+05
1.207569999999999943e+01 3.864193881367112626e+05
1.209720000000000084e+01 3.765269042069546995e+05
1.211880000000000024e+01 3.670288672829854186e+05
1.214029999999999987e+01 3.581717717301142402e+05
1.216179999999999950e+01 3.499469858278518659e+05
1.218340000000000067e+01 3.423303891462029424e+05
1.220490000000000030e+01 3.353019570940613630e+05
1.222639999999999993e+01 3.288128574456323404e+05
1.224789999999999957e+01 3.228193159234444029e+05
1.226950000000000074e+01 3.172780798483052640e+05
1.229100000000000037e+01 3.120954238959266222e+05
1.231250000000000000e+01 3.073820058478131541e+05
1.233399999999999963e+01 3.029975367747624405e+05
1.235560000000000080e+01 2.990855113092003739e+05
1.237710000000000043e+01 2.955586668250262737e+05
1.239860000000000007e+01 2.924868433562240098e+05
1.242009999999999970e+01 2.899085300038174610e+05
1.244170000000000087e+01 2.878155570717717637e+05
1.246320000000000050e+01 2.861990838927831501e+05
1.248470000000000013e+01 2.850559157961101155e+05
1.250619999999999976e+01 2.843797891173841781e+05
1.252779999999999916e+01 2.841338157184797456e+05
1.254930000000000057e+01 2.842900910871357191e+05
1.257080000000000020e+01 2.848332406779352459e+05
1.259229999999999983e+01 2.855955020918589435e+05
1.261389999999999922e+01 2.865500765853310004e+05
1.263540000000000063e+01 2.875993471387729514e+05
1.265690000000000026e+01 2.884999102289450821e+05
1.267839999999999989e+01 2.891861211560618249e+05
1.269999999999999929e+01 2.894119160869729822e+05
1.272150000000000070e+01 2.890311212186692865e+05
1.274300000000000033e+01 2.879314991854932741e+05
1.276449999999999996e+01 2.859314082061775262e+05
1.278609999999999935e+01 2.829144821152719669e+05
1.280760000000000076e+01 2.789436741151334136e+05
1.282910000000000039e+01 2.738979458726551966e+05
1.285060000000000002e+01 2.679094401636410039e+05
1.287219999999999942e+01 2.610290605024123797e+05
1.289370000000000083e+01 2.533876483677992655e+05
1.291520000000000046e+01 2.451337463659950008e+05
1.293670000000000009e+01 2.363942235697745346e+05
1.295829999999999949e+01 2.274398728452828655e+05
1.297979999999999912e+01 2.184628526909651991e+05
1.300130000000000052e+01 2.096184054465859372e+05
1.302280000000000015e+01 2.011154082342990150e+05
1.304439999999999955e+01 1.931602441884170694e+05
1.306589999999999918e+01 1.858249210463247437e+05
1.308740000000000059e+01 1.791625212279217085e+05
1.310890000000000022e+01 1.732929352527442679e+05
1.313049999999999962e+01 1.681443863321540703e+05
1.315199999999999925e+01 1.637502020256149408e+05
1.317350000000000065e+01 1.601069482249174907e+05
1.319500000000000028e+01 1.571450108022434579e+05
1.321659999999999968e+01 1.548051217375971901e+05
1.323809999999999931e+01 1.531043683229986345e+05
1.325960000000000072e+01 1.518656948486791225e+05
1.328110000000000035e+01 1.511045206535762700e+05
1.330269999999999975e+01 1.507207353147554386e+05
1.332419999999999938e+01 1.505963860182711796e+05
1.334570000000000078e+01 1.506960725207348296e+05
1.336720000000000041e+01 1.510010854280305502e+05
1.338879999999999981e+01 1.514292588510010100e+05
1.341029999999999944e+01 1.519669526752561214e+05
1.343180000000000085e+01 1.525764093098988815e+05
1.345330000000000048e+01 1.532797285180242325e+05
1.347489999999999988e+01 1.540211764434795768e+05
1.349639999999999951e+01 1.548732269871664757e+05
1.351789999999999914e+01 1.558653040390255919e+05
1.353940000000000055e+01 1.569846495386053575e+05
1.356099999999999994e+01 1.582187332039107860e+05
1.358249999999999957e+01 1.596646467378722737e+05
1.360399999999999920e+01 1.612383000760256255e+05
1.362550000000000061e+01 1.629995964924260916e+05
1.364710000000000001e+01 1.649103017957277771e+05
1.366859999999999964e+01 1.669841967941717303e+05
1.369009999999999927e+01 1.692344927722561988e+05
1.371170000000000044e+01 1.716184374016100483e+05
1.373320000000000007e+01 1.741213307028615382e+05
1.375469999999999970e+01 1.766921507829085167e+05
1.377619999999999933e+01 1.794050523945810273e+05
1.379780000000000051e+01 1.821479781021479575e+05
1.381930000000000014e+01 1.850376750735626847e+05
1.384079999999999977e+01 1.880534973197423678e+05
1.386229999999999940e+01 1.912044976121342042e+05
1.388390000000000057e+01 1.946393189794035570e+05
1.390540000000000020e+01 1.984003198129483208e+05
1.392689999999999984e+01 2.024987995552128123e+05
1.394839999999999947e+01 2.070912636280483857e+05
1.397000000000000064e+01 2.122495592542625673e+05
1.399150000000000027e+01 2.180106003232831135e+05
1.401299999999999990e+01 2.244298667237103509e+05
1.403449999999999953e+01 2.315289072978829499e+05
1.405610000000000070e+01 2.393147255859677680e+05
1.407760000000000034e+01 2.477602829173055070e+05
1.409909999999999997e+01 2.567664601783844118e+05
1.412059999999999960e+01 2.662169977278320002e+05
1.414220000000000077e+01 2.760160065957022016e+05
1.416370000000000040e+01 2.859931163057798985e+05
1.418520000000000003e+01 2.960466042442233302e+05
1.420669999999999966e+01 3.059427802338214242e+05
1.422830000000000084e+01 3.156546612367387861e+05
1.424980000000000047e+01 3.250119567932981881e+05
1.427130000000000010e+01 3.340231315565133118e+05
1.429279999999999973e+01 3.426584911148396204e+05
1.431439999999999912e+01 3.510256767894785735e+05
1.433590000000000053e+01 3.591600322783156298e+05
1.435740000000000016e+01 3.672314998056478798e+05
1.437889999999999979e+01 3.753542188323962619e+05
1.440049999999999919e+01 3.836227457762705162e+05
1.442200000000000060e+01 3.921290595090808347e+05
1.444350000000000023e+01 4.009300915932464413e+05
1.446499999999999986e+01 4.100519504358014674e+05
1.448659999999999926e+01 4.195212667312254780e+05
1.450810000000000066e+01 4.292624322651401162e+05
1.452960000000000029e+01 4.392036441430058330e+05
1.455109999999999992e+01 4.492222044875365682e+05
1.457269999999999932e+01 4.593118318938540760e+05
1.459420000000000073e+01 4.693606846907453728e+05
1.461570000000000036e+01 4.793918912095992710e+05
1.463719999999999999e+01 4.893414663722023251e+05
1.465879999999999939e+01 4.992916817438867874e+05
1.468030000000000079e+01 5.093276973393347580e+05
1.470180000000000042e+01 5.194848691043366562e+05
1.472330000000000005e+01 5.299815351353042061e+05
1.474489999999999945e+01 5.409166757255704142e+05
1.476640000000000086e+01 5.523248589670263464e+05
1.478790000000000049e+01 5.643595364600898465e+05
1.480940000000000012e+01 5.770198031108971918e+05
1.483099999999999952e+01 5.902809973367705243e+05
1.485249999999999915e+01 6.041707368455439573e+05
1.487400000000000055e+01 6.186447202823547414e+05
1.489550000000000018e+01 6.335682035253668437e+05
1.491709999999999958e+01 6.489462395359626971e+05
1.493859999999999921e+01 6.645831500727994135e+05
1.496010000000000062e+01 6.804446120573761873e+05
1.498160000000000025e+01 6.964723940869568614e+05
1.500319999999999965e+01 7.124983339020485291e+05
1.502469999999999928e+01 7.284261665485260310e+05
1.504620000000000068e+01 7.441988524230973562e+05
1.506770000000000032e+01 7.596871031794176670e+05
1.508929999999999971e+01 7.748091018864108482e+05
1.511079999999999934e+01 7.893997430526326643e+05
1.513230000000000075e+01 8.034117290799593320e+05
1.515380000000000038e+01 8.167179610553913517e+05
1.517539999999999978e+01 8.292007770772190997e+05
1.519689999999999941e+01 8.406649152543364326e+05
1.521840000000000082e+01 8.509168028398690512e+05
1.524000000000000021e+01 8.596289994291298790e+05
1.526149999999999984e+01 8.665649459851928987e+05
1.528299999999999947e+01 8.711957197633314645e+05
1.530450000000000088e+01 8.731713958206553943e+05
1.532610000000000028e+01 8.720899883363986155e+05
1.534759999999999991e+01 8.675105018550824607e+05
1.536909999999999954e+01 8.591371462188480655e+05
1.539059999999999917e+01 8.467687051220140420e+05
1.541220000000000034e+01 8.302505097013972700e+05
1.543369999999999997e+01 8.096434200286852429e+05
1.545519999999999960e+01 7.851553306192862801e+05
1.547669999999999924e+01 7.571761587651163572e+05
1.549830000000000041e+01 7.261700222729323432e+05
1.551980000000000004e+01 6.928278102564401925e+05
1.554129999999999967e+01 6.579383668392191175e+05
1.556279999999999930e+01 6.224215110858402913e+05
1.558440000000000047e+01 5.871747459124407033e+05
1.560590000000000011e+01 5.531576964933174895e+05
1.562739999999999974e+01 5.212251101609752513e+05
1.564889999999999937e+01 4.920049445654706215e+05
1.567050000000000054e+01 4.659439043723065988e+05
1.569200000000000017e+01 4.431838365002648789e+05
1.571349999999999980e+01 4.236698290810259059e+05
1.573499999999999943e+01 4.071235640304759727e+05
1.575660000000000061e+01 3.932225478203720413e+05
1.577810000000000024e+01 3.814683028868880938e+05
1.579959999999999987e+01 3.716600215946782264e+05
1.582109999999999950e+01 3.633059360523242503e+05
1.584270000000000067e+01 3.561817979415059672e+05
1.586420000000000030e+01 3.500757149924386758e+05
1.588569999999999993e+01 3.448905339448249433e+05
1.590719999999999956e+01 3.405303426570884767e+05
1.592880000000000074e+01 3.371569564474734361e+05
1.595030000000000037e+01 3.346044211325060460e+05
1.597180000000000000e+01 3.330685478760576807e+05
1.599329999999999963e+01 3.324480351470035384e+05
1.601490000000000080e+01 3.328118055930701667e+05
1.603640000000000043e+01 3.339811242685596808e+05
1.605790000000000006e+01 3.358713198410175391e+05
1.607939999999999969e+01 3.383697938282472896e+05
1.610099999999999909e+01 3.413685369553742348e+05
1.612249999999999872e+01 3.446493026811142336e+05
1.614399999999999835e+01 3.481942726170650567e+05
1.616550000000000153e+01 3.518192958978770184e+05
1.618710000000000093e+01 3.555411998279262334e+05
1.620860000000000056e+01 3.593253613135835622e+05
1.623010000000000019e+01 3.632734597265219782e+05
1.625159999999999982e+01 3.673718822013016907e+05
1.627319999999999922e+01 3.717883512399213505e+05
1.629469999999999885e+01 3.765810657884305692e+05
1.631619999999999848e+01 3.817870212858964805e+05
1.633770000000000167e+01 3.875294113262964529e+05
1.635930000000000106e+01 3.938667512268932187e+05
1.638080000000000069e+01 4.007141396719049080e+05
1.640230000000000032e+01 4.081689617767126765e+05
1.642379999999999995e+01 4.159937708152281120e+05
1.644539999999999935e+01 4.242913424963175785e+05
1.646689999999999898e+01 4.329049812087040045e+05
1.648839999999999861e+01 4.418025444306505960e+05
1.650989999999999824e+01 4.507827203563760850e+05
1.653150000000000119e+01 4.598234942572269938e+05
1.655300000000000082e+01 4.688122409963316168e+05
1.657450000000000045e+01 4.776831467255703174e+05
1.659600000000000009e+01 4.863590876304390840e+05
1.661759999999999948e+01 4.946313304420438944e+05
1.663909999999999911e+01 5.024787447839814704e+05
1.666059999999999874e+01 5.098710182969307643e+05
1.668209999999999837e+01 5.166156014757238445e+05
1.670370000000000132e+01 5.227371251762413885e+05
1.672520000000000095e+01 5.280120456528679933e+05
1.674670000000000059e+01 5.324887601286638528e+05
1.676829999999999998e+01 5.358973338259950979e+05
1.678979999999999961e+01 5.380279636242538691e+05
1.681129999999999924e+01 5.386805017872088356e+05
1.683279999999999887e+01 5.375935407883734442e+05
1.685439999999999827e+01 5.342785774826450506e+05
1.687590000000000146e+01 5.284388098414497217e+05
1.689740000000000109e+01 5.197417615212369710e+05
1.691890000000000072e+01 5.078063309661368257e+05
1.694050000000000011e+01 4.924920753631896223e+05
1.696199999999999974e+01 4.735967653328746674e+05
1.698349999999999937e+01 4.512128659523997339e+05
1.700499999999999901e+01 4.255938210359360091e+05
1.702659999999999840e+01 3.970665815357018146e+05
1.704810000000000159e+01 3.664404409648618312e+05
1.706960000000000122e+01 3.344527323889537947e+05
1.709110000000000085e+01 3.021108025587136508e+05
1.711270000000000024e+01 2.703903828645023168e+05
1.713419999999999987e+01 2.401859665436655341e+05
1.715569999999999951e+01 2.123489301023915468e+05
1.717719999999999914e+01 1.873277951907259412e+05
1.719879999999999853e+01 1.652643538277281041e+05
1.722030000000000172e+01 1.460888062862082152e+05
1.724180000000000135e+01 1.297357612114680232e+05
1.726330000000000098e+01 1.158350396541244554e+05
1.728490000000000038e+01 1.040454137731288065e+05
1.730640000000000001e+01 9.408477924678416457e+04
1.732789999999999964e+01 8.560870296462849365e+04
1.734939999999999927e+01 7.840565474961861037e+04
1.737099999999999866e+01 7.220672642745658231e+04
1.739249999999999829e+01 6.682825328983989311e+04
1.741400000000000148e+01 6.222662230083268514e+04
1.743550000000000111e+01 5.808578677915072331e+04
1.745710000000000051e+01 5.452072970148059539e+04
1.747860000000000014e+01 5.127467378944950906e+04
1.750009999999999977e+01 4.838040525934722973e+04
1.752159999999999940e+01 4.573313349634571205e+04
1.754319999999999879e+01 4.341609711802539096e+04
1.756469999999999843e+01 4.123430896284666960e+04
1.758620000000000161e+01 3.926990447153108107e+04
1.760770000000000124e+01 3.756746270908833685e+04
1.762930000000000064e+01 3.593565660343082709e+04
1.765080000000000027e+01 3.446421941565379529e+04
1.767229999999999990e+01 3.301592456208109070e+04
1.769379999999999953e+01 3.176312038145026600e+04
1.771539999999999893e+01 3.052900346466164046e+04
1.773689999999999856e+01 2.948681484938241192e+04
1.775840000000000174e+01 2.845671620248305044e+04
1.777990000000000137e+01 2.748253410775689190e+04
1.780150000000000077e+01 2.660706038262759103e+04
1.782300000000000040e+01 2.587111979648643683e+04
1.784450000000000003e+01 2.505523878754389079e+04
1.786599999999999966e+01 2.433641246584949477e+04
1.788759999999999906e+01 2.366598603534886206e+04
1.790909999999999869e+01 2.304667869080234595e+04
1.793059999999999832e+01 2.238877654147765134e+04
1.795210000000000150e+01 2.182234939510639742e+04
1.797370000000000090e+01 2.130209190712392956e+04
1.799520000000000053e+01 2.083062623841610548e+04
1.801670000000000016e+01 2.031968246126767554e+04
1.803819999999999979e+01 1.989715090288680585e+04
1.805979999999999919e+01 1.943751549375042305e+04
1.808129999999999882e+01 1.906271701152525202e+04
1.810279999999999845e+01 1.865039417437516022e+04
1.812430000000000163e+01 1.824028312921733959e+04
1.814590000000000103e+01 1.783304443252396959e+04
1.816740000000000066e+01 1.746933696200991108e+04
1.818890000000000029e+01 1.715035960103314210e+04
1.821039999999999992e+01 1.679086530826307353e+04
1.823199999999999932e+01 1.651764942601538860e+04
1.825349999999999895e+01 1.624527727858644175e+04
1.827499999999999858e+01 1.597481198469731316e+04
1.829660000000000153e+01 1.570574278461142239e+04
1.831810000000000116e+01 1.543879962755170709e+04
1.833960000000000079e+01 1.517218837315930250e+04
1.836110000000000042e+01 1.490676335902536812e+04
1.838269999999999982e+01 1.464344921620189234e+04
1.840419999999999945e+01 1.450425478512592781e+04
1.842569999999999908e+01 1.424293415943062610e+04
1.844719999999999871e+01 1.410590509398812719e+04
1.846880000000000166e+01 1.384609647835908982e+04
1.849030000000000129e+01 1.371072009448314748e+04
1.851180000000000092e+01 1.353536526257068363e+04
1.853330000000000055e+01 1.340181128169458498e+04
1.855489999999999995e+01 1.322657128421476955e+04
1.857639999999999958e+01 1.305367388527535695e+04
1.859789999999999921e+01 1.296330399492186007e+04
1.861939999999999884e+01 1.283196397136594715e+04
1.864099999999999824e+01 1.270093203995675685e+04
1.866250000000000142e+01 1.257038068833943544e+04
1.868400000000000105e+01 1.252264843473216024e+04
1.870550000000000068e+01 1.239353028314744006e+04
1.872710000000000008e+01 1.230612633695851400e+04
1.874859999999999971e+01 1.221869383849050610e+04
1.877009999999999934e+01 1.213171657180391594e+04
1.879159999999999897e+01 1.204518283686176619e+04
1.881319999999999837e+01 1.191817398395511009e+04
1.883470000000000155e+01 1.187234187372281121e+04
1.885620000000000118e+01 1.174614809281835187e+04
1.887770000000000081e+01 1.162019927396367711e+04
1.889930000000000021e+01 1.153467399357879367e+04
1.892079999999999984e+01 1.140955004790987550e+04
1.894229999999999947e+01 1.124328599474263137e+04
1.896379999999999910e+01 1.115833794203385514e+04
1.898539999999999850e+01 1.103391685389663871e+04
1.900690000000000168e+01 1.094972516445790825e+04
1.902840000000000131e+01 1.078459711334644999e+04
1.904990000000000094e+01 1.061981308736291794e+04
1.907150000000000034e+01 1.053624703339253574e+04
1.909299999999999997e+01 1.041272853975428188e+04
1.911449999999999960e+01 1.032918664811586677e+04
1.913599999999999923e+01 1.020593996011901618e+04
1.915759999999999863e+01 1.008267186446756932e+04
1.917909999999999826e+01 1.000009696133113721e+04
1.920060000000000144e+01 9.877453864933477234e+03
1.922210000000000107e+01 9.836533955765340579e+03
1.924370000000000047e+01 9.754124946465626635e+03
1.926520000000000010e+01 9.632279361104352574e+03
1.928669999999999973e+01 9.591435862636319143e+03
1.930819999999999936e+01 9.469892910904594828e+03
1.932979999999999876e+01 9.388113598552989060e+03
1.935129999999999839e+01 9.266361403961993346e+03
1.937280000000000157e+01 9.226552462250649114e+03
1.939430000000000121e+01 9.104862302841720521e+03
1.941590000000000060e+01 9.023609684115048367e+03
1.943740000000000023e+01 8.902159749000458760e+03
1.945889999999999986e+01 8.821096598543941582e+03
1.948039999999999949e+01 8.699895616222680474e+03
1.950199999999999889e+01 8.618906053087170221e+03
1.952349999999999852e+01 8.578588318581811109e+03
1.954500000000000171e+01 8.498516796998164864e+03
1.956650000000000134e+01 8.417477588742944135e+03
1.958810000000000073e+01 8.336758062175444138e+03
1.960960000000000036e+01 8.297622082171348666e+03
1.963109999999999999e+01 8.217007786872347424e+03
1.965259999999999962e+01 8.177116435182458190e+03
1.967419999999999902e+01 8.137253350431193212e+03
1.969569999999999865e+01 8.016823518572372450e+03
1.971719999999999828e+01 8.018049195412844711e+03
1.973880000000000123e+01 7.937836412072276289e+03
1.976030000000000086e+01 7.939061909861327877e+03
1.978180000000000049e+01 7.858788630768648545e+03
1.980330000000000013e+01 7.779411836640346337e+03
1.982489999999999952e+01 7.739890963579892741e+03
1.984639999999999915e+01 7.619875222532756197e+03
1.986789999999999878e+01 7.621444069153360033e+03
1.988939999999999841e+01 7.500997173209253560e+03
1.991100000000000136e+01 7.502768714932401963e+03
1.993250000000000099e+01 7.423428246678166033e+03
1.995400000000000063e+01 7.344023461527832296e+03
1.997550000000000026e+01 7.345725197470809690e+03
1.999709999999999965e+01 7.266510971211805554e+03
2.001859999999999928e+01 7.187195338867611099e+03
2.004009999999999891e+01 7.188863958274404467e+03
2.006159999999999854e+01 7.109518715295726906e+03
2.008320000000000149e+01 7.070343153236038233e+03
2.010470000000000113e+01 7.032121444183474523e+03
2.012620000000000076e+01 7.033833111314838789e+03
2.014770000000000039e+01 6.954711124760226085e+03
2.016929999999999978e+01 6.956690934358720369e+03
2.019079999999999941e+01 6.917569500869144576e+03
2.021229999999999905e+01 6.879400053672924514e+03
2.023379999999999868e+01 6.881339477598375197e+03
2.025540000000000163e+01 6.883467830672042510e+03
2.027690000000000126e+01 6.845278498410524662e+03
2.029840000000000089e+01 6.847359602428020480e+03
2.031990000000000052e+01 6.849607707302770905e+03
2.034149999999999991e+01 6.811526765319024889e+03
2.036299999999999955e+01 6.813760787312067805e+03
2.038449999999999918e+01 6.775000183912144166e+03
2.040599999999999881e+01 6.777386488048766296e+03
2.042760000000000176e+01 6.739383079721438662e+03
2.044910000000000139e+01 6.741754525201310571e+03
2.047060000000000102e+01 6.744104717417979373e+03
2.049210000000000065e+01 6.705548756484193291e+03
2.051370000000000005e+01 6.708082242963170756e+03
2.053519999999999968e+01 6.628841048761670208e+03
2.055669999999999931e+01 6.631309610944726046e+03
2.057819999999999894e+01 6.633936190527291728e+03
2.059979999999999833e+01 6.636457072930138565e+03
2.062130000000000152e+01 6.597743821091360587e+03
2.064280000000000115e+01 6.559182698975389030e+03
2.066430000000000078e+01 6.561779027955596575e+03
2.068590000000000018e+01 6.564374688571450861e+03
2.070739999999999981e+01 6.566969809650804564e+03
2.072889999999999944e+01 6.569718717864646351e+03
2.075039999999999907e+01 6.572314781571640196e+03
2.077199999999999847e+01 6.533941594293394701e+03
2.079350000000000165e+01 6.536516844446964569e+03
2.081500000000000128e+01 6.538699025530649124e+03
2.083650000000000091e+01 6.541569104329439142e+03
2.085810000000000031e+01 6.544620260393649914e+03
2.087959999999999994e+01 6.547346191518960950e+03
2.090109999999999957e+01 6.508969906070934485e+03
2.092259999999999920e+01 6.511818539909642823e+03
2.094419999999999860e+01 6.473439087419002135e+03
2.096569999999999823e+01 6.476418930438151619e+03
2.098720000000000141e+01 6.479247135221136887e+03
2.100870000000000104e+01 6.440736819938681037e+03
2.103030000000000044e+01 6.402385892882316512e+03
2.105180000000000007e+01 6.405320801966645377e+03
2.107329999999999970e+01 6.408257718313957412e+03
2.109479999999999933e+01 6.369916915052537661e+03
2.111639999999999873e+01 6.372717302587804625e+03
2.113789999999999836e+01 6.375915058049082290e+03
2.115940000000000154e+01 6.337378014183329469e+03
2.118090000000000117e+01 6.340409166313093920e+03
2.120250000000000057e+01 6.301958085919537552e+03
2.122400000000000020e+01 6.305110270488202332e+03
2.124549999999999983e+01 6.266589487558380824e+03
2.126709999999999923e+01 6.228437503619125891e+03
2.128859999999999886e+01 6.189946801522918577e+03
2.131009999999999849e+01 6.193030779476597672e+03
2.133160000000000167e+01 6.113121519482367148e+03
2.135320000000000107e+01 6.116188815226380939e+03
2.137470000000000070e+01 6.077413732227404580e+03
2.139620000000000033e+01 6.039120271822616814e+03
2.141769999999999996e+01 6.000914505442225163e+03
2.143929999999999936e+01 6.003910330978308593e+03
2.146079999999999899e+01 5.923761796436098848e+03
2.148229999999999862e+01 5.885284284618872334e+03
2.150379999999999825e+01 5.846392405011328265e+03
2.152540000000000120e+01 5.807982735049080475e+03
2.154690000000000083e+01 5.769499447134742695e+03
2.156840000000000046e+01 5.772459976800015284e+03
2.158990000000000009e+01 5.733906051725050929e+03
2.161149999999999949e+01 5.736867608447078965e+03
2.163299999999999912e+01 5.698260817097206200e+03
2.165449999999999875e+01 5.659239455684523818e+03
2.167599999999999838e+01 5.620527450314563794e+03
2.169760000000000133e+01 5.623382374406049166e+03
2.171910000000000096e+01 5.626373416136630112e+03
2.174060000000000059e+01 5.587694647426277697e+03
2.176210000000000022e+01 5.548467425619397545e+03
2.178369999999999962e+01 5.551434640495574968e+03
2.180519999999999925e+01 5.554374830934219062e+03
2.182669999999999888e+01 5.557313495291554318e+03
2.184819999999999851e+01 5.560357741132328556e+03
2.186980000000000146e+01 5.563318759979977585e+03
2.189130000000000109e+01 5.524076172539606887e+03
2.191280000000000072e+01 5.527218041637183887e+03
2.193430000000000035e+01 5.487753379839640729e+03
2.195589999999999975e+01 5.490770434957747057e+03
2.197739999999999938e+01 5.493778599504075828e+03
2.199889999999999901e+01 5.496891891646872864e+03
2.202039999999999864e+01 5.499873236306179024e+03
2.204200000000000159e+01 5.503025924472076440e+03
2.206350000000000122e+01 5.463520220553521540e+03
2.208500000000000085e+01 5.466648715531565358e+03
2.210650000000000048e+01 5.427170293295007468e+03
2.212809999999999988e+01 5.430266428033323791e+03
2.214959999999999951e+01 5.433200227308378999e+03
2.217109999999999914e+01 5.436375362175625014e+03
2.219259999999999877e+01 5.439306068990660606e+03
2.221420000000000172e+01 5.399846907183963594e+03
2.223570000000000135e+01 5.360290083657374453e+03
2.225720000000000098e+01 5.363409254415252690e+03
2.227870000000000061e+01 5.366289780037507626e+03
2.230030000000000001e+01 5.369536494744832453e+03
2.232179999999999964e+01 5.372618382615594783e+03
2.234329999999999927e+01 5.332929875119567441e+03
2.236479999999999890e+01 5.293063821403889960e+03
2.238639999999999830e+01 5.338650412420774046e+03
2.240790000000000148e+01 5.341553414281093865e+03
2.242940000000000111e+01 5.344744533462916479e+03
2.245090000000000074e+01 5.347824846599738521e+03
2.247250000000000014e+01 5.351036596012512746e+03
2.249399999999999977e+01 5.311251577506028298e+03
2.251549999999999940e+01 5.271284648336152713e+03
2.253699999999999903e+01 5.274531326240989983e+03
2.255859999999999843e+01 5.277687190067886149e+03
2.258010000000000161e+01 5.238296391123441026e+03
2.260160000000000124e+01 5.241398453234863155e+03
2.262310000000000088e+01 5.244381358002806337e+03
2.264470000000000027e+01 5.161188976419687606e+03
2.266619999999999990e+01 5.121606203844865377e+03
2.268769999999999953e+01 5.124735855803471168e+03
2.270919999999999916e+01 5.084857411764647622e+03
2.273079999999999856e+01 5.087990147952004008e+03
2.275230000000000175e+01 5.047813724676362654e+03
2.277380000000000138e+01 4.964580575990666148e+03
2.279540000000000077e+01 4.967519888585096851e+03
2.281690000000000040e+01 4.970534603111914294e+03
2.283840000000000003e+01 4.973547706254252262e+03
2.285989999999999966e+01 4.889634998139922573e+03
2.288149999999999906e+01 4.849609806434976235e+03
2.290299999999999869e+01 4.852540145695362298e+03
2.292449999999999832e+01 4.855480031371232144e+03
2.294600000000000151e+01 4.771375380677503017e+03
2.296760000000000090e+01 4.774270754484604367e+03
2.298910000000000053e+01 4.777143677168430258e+03
2.301060000000000016e+01 4.736825787006337123e+03
2.303209999999999980e+01 4.739669351097723847e+03
2.305369999999999919e+01 4.698896785831190755e+03
2.307519999999999882e+01 4.658032010865080338e+03
2.309669999999999845e+01 4.660820117678246788e+03
2.311820000000000164e+01 4.620396967013592985e+03
2.313980000000000103e+01 4.623175559345525471e+03
2.316130000000000067e+01 4.626023232190790623e+03
2.318280000000000030e+01 4.585491035630781880e+03
2.320429999999999993e+01 4.588218762729990885e+03
2.322589999999999932e+01 4.503681102526358700e+03
2.324739999999999895e+01 4.462561971658021321e+03
2.326889999999999858e+01 4.465303681487098402e+03
2.329040000000000177e+01 4.424517142526732641e+03
2.331200000000000117e+01 4.427165907297366175e+03
2.333350000000000080e+01 4.429781163150670181e+03
2.335500000000000043e+01 4.432490964110606910e+03
2.337650000000000006e+01 4.435205079583375664e+03
2.339809999999999945e+01 4.394278053678272045e+03
2.341959999999999908e+01 4.396533305486233075e+03
2.344109999999999872e+01 4.355009170341947538e+03
2.346259999999999835e+01 4.357659187807382295e+03
2.348420000000000130e+01 4.360326552826125408e+03
2.350570000000000093e+01 4.363067127658654499e+03
2.352720000000000056e+01 4.409612731589827490e+03
2.354870000000000019e+01 4.412377642870254931e+03
2.357029999999999959e+01 4.415072607181785315e+03
2.359179999999999922e+01 4.461726897229315000e+03
2.361329999999999885e+01 4.464509666462839050e+03
2.363479999999999848e+01 4.467203299101280209e+03
2.365640000000000143e+01 4.470095575191864555e+03
2.367790000000000106e+01 4.472554396132646616e+03
2.369940000000000069e+01 4.475313082115579164e+03
2.372090000000000032e+01 4.478185495148124573e+03
2.374249999999999972e+01 4.392478828360192892e+03
2.376399999999999935e+01 4.395199882328834974e+03
2.378549999999999898e+01 4.398100445216437038e+03
2.380699999999999861e+01 4.400819130798078731e+03
2.382860000000000156e+01 4.314893492617989068e+03
2.385010000000000119e+01 4.272923929602809039e+03
2.387160000000000082e+01 4.275646763803540125e+03
2.389310000000000045e+01 4.189268675621727198e+03
2.391469999999999985e+01 4.147233357132733545e+03
2.393619999999999948e+01 4.149782851655731065e+03
2.395769999999999911e+01 4.107939228152265969e+03
2.397919999999999874e+01 4.065645915379216149e+03
2.400080000000000169e+01 4.023409238919103245e+03
2.402230000000000132e+01 4.025870023339877207e+03
2.404380000000000095e+01 4.028331485963397427e+03
2.406530000000000058e+01 4.030818311332102894e+03
2.408689999999999998e+01 4.033276200219152088e+03
2.410839999999999961e+01 4.035897218991618047e+03
2.412989999999999924e+01 3.993345082484558134e+03
2.415139999999999887e+01 3.995934886962071232e+03
2.417299999999999827e+01 3.998460628969927711e+03
2.419450000000000145e+01 4.045671117967235205e+03
2.421600000000000108e+01 4.048180171047910335e+03
2.423750000000000071e+01 4.050794867362759305e+03
2.425910000000000011e+01 3.963478626481434276e+03
2.428059999999999974e+01 3.965953613029504140e+03
2.430209999999999937e+01 3.968507200833094885e+03
2.432369999999999877e+01 3.971161584561715699e+03
2.434519999999999840e+01 3.928826545649320906e+03
2.436670000000000158e+01 3.886077380947173879e+03
2.438820000000000121e+01 3.798188537736650233e+03
2.440980000000000061e+01 3.800640463741534859e+03
2.443130000000000024e+01 3.712636035911971248e+03
2.445279999999999987e+01 3.669592535875761314e+03
2.447429999999999950e+01 3.626845656472394239e+03
2.449589999999999890e+01 3.538208148368859838e+03
2.451739999999999853e+01 3.495171900039948468e+03
2.453890000000000171e+01 3.406320860370034552e+03
2.456040000000000134e+01 3.363281354052406186e+03
2.458200000000000074e+01 3.365294129652245829e+03
2.460350000000000037e+01 3.230865864369930932e+03
2.462500000000000000e+01 3.232782189071140238e+03
2.464649999999999963e+01 3.098157057035988601e+03
2.466809999999999903e+01 3.100129902972963464e+03
2.468959999999999866e+01 3.101962839296618768e+03
2.471109999999999829e+01 3.103862388944964550e+03
2.473260000000000147e+01 2.968688567302124284e+03
2.475420000000000087e+01 2.970571318723348213e+03
2.477570000000000050e+01 2.972320333153940283e+03
2.479720000000000013e+01 2.974012181901913664e+03
2.481869999999999976e+01 2.975880715415580198e+03
2.484029999999999916e+01 2.977639494495758754e+03
2.486179999999999879e+01 2.979506564432304003e+03
2.488329999999999842e+01 2.981195425881789561e+03
2.490480000000000160e+01 3.075074023995452535e+03
2.492640000000000100e+01 3.077008668242990552e+03
2.494790000000000063e+01 3.124516844048916482e+03
2.496940000000000026e+01 3.218646292473643825e+03
2.499089999999999989e+01 3.266422753880002801e+03
2.501249999999999929e+01 3.360695884989678689e+03
2.503399999999999892e+01 3.454867377015685634e+03
2.505549999999999855e+01 3.503210740438742505e+03
2.507700000000000173e+01 3.643804467090954859e+03
2.509860000000000113e+01 3.692213746383052694e+03
2.512010000000000076e+01 3.787152702629723990e+03
2.514160000000000039e+01 3.789650662284326245e+03
2.516310000000000002e+01 3.792217747762485033e+03
2.518469999999999942e+01 3.794799230861772685e+03
2.520619999999999905e+01 3.704452135813260611e+03
2.522769999999999868e+01 3.706879860264002218e+03
2.524919999999999831e+01 3.570216381111678402e+03
2.527080000000000126e+01 3.572565609856674655e+03
2.529230000000000089e+01 3.435493161872798737e+03
2.531380000000000052e+01 3.298248870331612579e+03
2.533530000000000015e+01 3.300267109274069298e+03
2.535689999999999955e+01 3.255957806019187046e+03
2.537839999999999918e+01 3.164654927259447049e+03
2.539989999999999881e+01 3.166466656130518004e+03
2.542139999999999844e+01 3.168337144580685617e+03
2.544300000000000139e+01 3.170282842757324033e+03
2.546450000000000102e+01 3.265733100448920595e+03
2.548600000000000065e+01 3.314106520636255027e+03
2.550750000000000028e+01 3.363006159958997614e+03
2.552909999999999968e+01 3.411899211355957959e+03
2.555059999999999931e+01 3.507459858577637988e+03
2.557209999999999894e+01 3.556544984588763327e+03
2.559359999999999857e+01 3.605370266889435243e+03
2.561520000000000152e+01 3.701627895225325574e+03
2.563670000000000115e+01 3.750669276237810209e+03
2.565820000000000078e+01 3.753009866765580227e+03
2.567970000000000041e+01 3.755494761839092916e+03
2.570129999999999981e+01 3.757844031624394120e+03
2.572279999999999944e+01 3.760327364790673982e+03
2.574429999999999907e+01 3.762660386662616020e+03
2.576579999999999870e+01 3.717834918818836741e+03
2.578740000000000165e+01 3.673020330068160547e+03
2.580890000000000128e+01 3.628323180076269182e+03
2.583040000000000092e+01 3.630565465439188756e+03
2.585200000000000031e+01 3.632753133574331059e+03
2.587349999999999994e+01 3.634925929694541992e+03
2.589499999999999957e+01 3.637165811386725181e+03
2.591649999999999920e+01 3.639336985931063737e+03
2.593809999999999860e+01 3.641593452603383412e+03
2.595959999999999823e+01 3.691196141781760616e+03
2.598110000000000142e+01 3.740908474819368621e+03
2.600260000000000105e+01 3.790295388261848984e+03
2.602420000000000044e+01 3.792561519934361513e+03
2.604570000000000007e+01 3.889890299440772196e+03
2.606719999999999970e+01 3.939443571047380374e+03
2.608869999999999933e+01 4.084242704376138590e+03
2.611029999999999873e+01 4.229387961424656169e+03
2.613179999999999836e+01 4.326883737391416616e+03
2.615330000000000155e+01 4.377279674665843231e+03
2.617480000000000118e+01 4.522843978652867918e+03
2.619640000000000057e+01 4.620967305438131916e+03
2.621790000000000020e+01 4.719178979928266017e+03
2.623939999999999984e+01 4.722136625678242126e+03
2.626089999999999947e+01 4.772934443276608363e+03
2.628249999999999886e+01 4.776030980415513113e+03
2.630399999999999849e+01 4.731113708804564340e+03
2.632550000000000168e+01 4.734067610533883453e+03
2.634700000000000131e+01 4.736844165841671384e+03
2.636860000000000070e+01 4.691964824187198246e+03
2.639010000000000034e+01 4.838319719170135613e+03
2.641159999999999997e+01 4.841048958947135361e+03
2.643309999999999960e+01 4.939991374217223893e+03
2.645469999999999899e+01 5.086649601920477835e+03
2.647619999999999862e+01 5.281344495453361560e+03
2.649769999999999825e+01 5.428529492619843040e+03
2.651920000000000144e+01 5.720078484602729986e+03
2.654080000000000084e+01 5.963794924504346454e+03
2.656230000000000047e+01 6.207982179120873298e+03
2.658380000000000010e+01 6.500612553510190082e+03
2.660529999999999973e+01 6.793846311317977779e+03
2.662689999999999912e+01 7.087606692825004757e+03
2.664839999999999876e+01 7.382002861837117962e+03
2.666989999999999839e+01 7.579740904640929330e+03
2.669140000000000157e+01 7.874857379722902806e+03
2.671300000000000097e+01 8.025364442651443824e+03
2.673450000000000060e+01 8.224371002170706561e+03
2.675600000000000023e+01 8.375123018004138430e+03
2.677749999999999986e+01 8.380732161023430308e+03
2.679909999999999926e+01 8.532131997162852713e+03
2.682059999999999889e+01 8.538009154796023722e+03
2.684209999999999852e+01 8.543549201013613128e+03
2.686360000000000170e+01 8.597917634811496100e+03
2.688520000000000110e+01 8.603517334940874207e+03
2.690670000000000073e+01 8.657661225492311132e+03
2.692820000000000036e+01 8.663091162220818660e+03
2.694969999999999999e+01 8.766110446175807738e+03
2.697129999999999939e+01 8.868820072575741506e+03
2.699279999999999902e+01 8.971915006432671362e+03
2.701429999999999865e+01 9.172783247732240852e+03
2.703579999999999828e+01 9.324970311800590935e+03
2.705740000000000123e+01 9.526310209010900508e+03
2.707890000000000086e+01 9.727874157654907322e+03
2.710040000000000049e+01 9.930038662555647534e+03
2.712190000000000012e+01 1.013248465891382330e+04
2.714349999999999952e+01 1.033520418983464333e+04
2.716499999999999915e+01 1.048904152157454337e+04
2.718649999999999878e+01 1.069214790524004093e+04
2.720799999999999841e+01 1.089579105561803044e+04
2.722960000000000136e+01 1.100160636362964397e+04
2.725110000000000099e+01 1.115648419768380700e+04
2.727260000000000062e+01 1.131154230564283534e+04
2.729410000000000025e+01 1.141748657972854744e+04
2.731569999999999965e+01 1.157341407017112033e+04
2.733719999999999928e+01 1.163058444092371792e+04
2.735869999999999891e+01 1.173690290700415790e+04
2.738029999999999831e+01 1.179427882987215526e+04
2.740180000000000149e+01 1.185162298968813593e+04
2.742330000000000112e+01 1.185957231417183357e+04
2.744480000000000075e+01 1.191674368392527140e+04
2.746640000000000015e+01 1.192453700345537982e+04
2.748789999999999978e+01 1.193207122592979249e+04
2.750939999999999941e+01 1.198913167892583260e+04
2.753089999999999904e+01 1.209578911756380148e+04
2.755249999999999844e+01 1.215285091501547140e+04
2.757400000000000162e+01 1.230912401204734306e+04
2.759550000000000125e+01 1.236632734858954791e+04
2.761700000000000088e+01 1.252313908067927696e+04
2.763860000000000028e+01 1.268045287738279876e+04
2.766009999999999991e+01 1.293709508809188083e+04
2.768159999999999954e+01 1.309505157285881978e+04
2.770309999999999917e+01 1.330229834938928252e+04
2.772469999999999857e+01 1.346097415357517457e+04
2.774620000000000175e+01 1.366921761601262733e+04
2.776770000000000138e+01 1.392807542181471399e+04
2.778920000000000101e+01 1.408740460807725867e+04
2.781080000000000041e+01 1.424701481785580654e+04
2.783230000000000004e+01 1.440645584108473304e+04
2.785379999999999967e+01 1.451651223066325474e+04
2.787529999999999930e+01 1.467637193837946143e+04
2.789689999999999870e+01 1.483672152454778370e+04
2.791839999999999833e+01 1.499695975236595223e+04
2.793990000000000151e+01 1.510736602362728445e+04
2.796140000000000114e+01 1.526851695302062399e+04
2.798300000000000054e+01 1.547998507929593507e+04
2.800450000000000017e+01 1.569138305719697200e+04
2.802599999999999980e+01 1.590366576126882137e+04
2.804749999999999943e+01 1.606603265343377097e+04
2.806909999999999883e+01 1.622837931976510117e+04
2.809059999999999846e+01 1.634034901573711250e+04
2.811210000000000164e+01 1.640247646382707535e+04
2.813360000000000127e+01 1.651500285771017661e+04
2.815520000000000067e+01 1.662709517919170685e+04
2.817670000000000030e+01 1.668950524296873118e+04
2.819819999999999993e+01 1.675139581829807139e+04
2.821969999999999956e+01 1.686345924435332927e+04
2.824129999999999896e+01 1.697634251833162489e+04
2.826279999999999859e+01 1.713977344908892337e+04
2.828430000000000177e+01 1.725258305660483529e+04
2.830580000000000140e+01 1.746730522870117056e+04
2.832740000000000080e+01 1.773352061563481038e+04
2.834890000000000043e+01 1.799975228841030912e+04
2.837040000000000006e+01 1.826699933305109516e+04
2.839189999999999969e+01 1.853495915992414302e+04
2.841349999999999909e+01 1.875258439877236742e+04
2.843499999999999872e+01 1.897088601640542038e+04
2.845649999999999835e+01 1.918947551311845018e+04
2.847800000000000153e+01 1.940867471736525476e+04
2.849960000000000093e+01 1.952589377725249869e+04
2.852110000000000056e+01 1.959262932159209231e+04
2.854260000000000019e+01 1.971005746986953818e+04
2.856409999999999982e+01 1.972562785556052040e+04
2.858569999999999922e+01 1.968992478612662671e+04
2.860719999999999885e+01 1.970545587602576779e+04
2.862869999999999848e+01 1.956732661455816924e+04
2.865020000000000167e+01 1.947981451740855118e+04
2.867180000000000106e+01 1.918588220578526307e+04
2.869330000000000069e+01 1.899501639995886580e+04
2.871480000000000032e+01 1.875152236423943032e+04
2.873629999999999995e+01 1.850722074683336541e+04
2.875789999999999935e+01 1.821127377753608380e+04
2.877939999999999898e+01 1.796554145407682154e+04
2.880089999999999861e+01 1.766901468441038378e+04
2.882239999999999824e+01 1.737104510259109884e+04
2.884400000000000119e+01 1.696906242771696634e+04
2.886550000000000082e+01 1.667016078215730158e+04
2.888700000000000045e+01 1.621447103556124239e+04
2.890859999999999985e+01 1.586184813295665117e+04
2.893009999999999948e+01 1.550872289064175857e+04
2.895159999999999911e+01 1.510229034714429145e+04
2.897309999999999874e+01 1.474765518111879101e+04
2.899470000000000169e+01 1.444416507195539270e+04
2.901620000000000132e+01 1.424383459630616380e+04
2.903770000000000095e+01 1.404358115310317226e+04
2.905920000000000059e+01 1.389470707259638584e+04
2.908079999999999998e+01 1.379785532443843113e+04
2.910229999999999961e+01 1.380490804536621727e+04
2.912379999999999924e+01 1.381251883421979983e+04
2.914529999999999887e+01 1.387179414505287605e+04
2.916689999999999827e+01 1.403601329207223716e+04
2.918840000000000146e+01 1.420088825945645112e+04
2.920990000000000109e+01 1.436589828059159299e+04
2.923140000000000072e+01 1.458323111224437343e+04
2.925300000000000011e+01 1.474901328267728059e+04
2.927449999999999974e+01 1.496762528865321110e+04
2.929599999999999937e+01 1.508211770119175526e+04
2.931749999999999901e+01 1.530203925594684733e+04
2.933909999999999840e+01 1.541691557335191283e+04
2.936060000000000159e+01 1.553186827616723895e+04
2.938210000000000122e+01 1.559496330536937785e+04
2.940360000000000085e+01 1.571077280642460391e+04
2.942520000000000024e+01 1.582674730172138334e+04
2.944669999999999987e+01 1.588952687157958280e+04
2.946819999999999951e+01 1.595327409113884642e+04
2.948969999999999914e+01 1.601677232519299469e+04
2.951129999999999853e+01 1.608037641158455517e+04
2.953280000000000172e+01 1.609119167099562037e+04
2.955430000000000135e+01 1.615486975396341586e+04
2.957580000000000098e+01 1.621921630897197429e+04
2.959740000000000038e+01 1.623043819867821912e+04
2.961890000000000001e+01 1.624128429201350627e+04
2.964039999999999964e+01 1.625307364314667029e+04
2.966189999999999927e+01 1.610562173411306867e+04
2.968349999999999866e+01 1.606391315153605501e+04
2.970499999999999829e+01 1.591612655139562958e+04
2.972650000000000148e+01 1.576839256623757865e+04
2.974800000000000111e+01 1.546018608604065776e+04
2.976960000000000051e+01 1.531196662366687087e+04
2.979110000000000014e+01 1.500273570758846290e+04
2.981259999999999977e+01 1.469310732619984447e+04
2.983409999999999940e+01 1.432967330275197310e+04
2.985569999999999879e+01 1.401894566625353764e+04
2.987719999999999843e+01 1.370750051972429537e+04
2.989870000000000161e+01 1.344913880078492548e+04
2.992020000000000124e+01 1.318968978848741972e+04
2.994180000000000064e+01 1.293023675278002156e+04
2.996330000000000027e+01 1.272370301143998404e+04
2.998479999999999990e+01 1.251648018941609735e+04
3.000629999999999953e+01 1.236234768509172864e+04
3.002789999999999893e+01 1.226171936720552003e+04
3.004939999999999856e+01 1.226845461515275201e+04
3.007090000000000174e+01 1.222128206251705160e+04
3.009240000000000137e+01 1.233514522038418545e+04
3.011400000000000077e+01 1.239563236531215261e+04
3.013550000000000040e+01 1.240264929347552425e+04
3.015700000000000003e+01 1.257103131825572927e+04
3.017849999999999966e+01 1.273957454073965164e+04
3.020009999999999906e+01 1.280137565949685268e+04
3.022159999999999869e+01 1.297123113352678774e+04
3.024309999999999832e+01 1.303341794578558438e+04
3.026460000000000150e+01 1.304195879803830212e+04
3.028620000000000090e+01 1.305076695303398628e+04
3.030770000000000053e+01 1.289742527738950776e+04
3.032920000000000016e+01 1.274409666129539801e+04
3.035069999999999979e+01 1.259056502175789501e+04
3.037229999999999919e+01 1.227439998912856572e+04
3.039379999999999882e+01 1.195780832134831689e+04
3.041529999999999845e+01 1.164012202377929680e+04
3.043690000000000140e+01 1.126782514589719358e+04
3.045840000000000103e+01 1.089529442224625564e+04
3.047990000000000066e+01 1.052148087775137537e+04
3.050140000000000029e+01 1.020159347933925346e+04
3.052299999999999969e+01 9.881025470863503870e+03
3.054449999999999932e+01 9.560262587676776093e+03
3.056599999999999895e+01 9.347415986708294440e+03
3.058749999999999858e+01 9.134370296615879852e+03
3.060910000000000153e+01 8.975445407143057309e+03
3.063060000000000116e+01 8.816320129801433723e+03
3.065210000000000079e+01 8.657223752508009056e+03
3.067360000000000042e+01 8.661065426187291450e+03
3.069519999999999982e+01 8.665086096935634487e+03
3.071669999999999945e+01 8.669094957376199091e+03
3.073819999999999908e+01 8.673084570338838603e+03
3.075969999999999871e+01 8.731642121665612649e+03
3.078130000000000166e+01 8.790189246576153892e+03
3.080280000000000129e+01 8.903556139943879316e+03
3.082430000000000092e+01 9.017287202652574706e+03
3.084580000000000055e+01 9.130847690750089896e+03
3.086739999999999995e+01 9.190016175330687474e+03
3.088889999999999958e+01 9.358211979509904268e+03
3.091039999999999921e+01 9.526912971315325194e+03
3.093189999999999884e+01 9.640755932741041761e+03
3.095349999999999824e+01 9.864287676690322769e+03
3.097500000000000142e+01 1.003289306079714697e+04
3.099650000000000105e+01 1.031123693455644207e+04
3.101800000000000068e+01 1.064533379895107464e+04
3.103960000000000008e+01 1.103416525208445273e+04
3.106109999999999971e+01 1.147798372118918087e+04
3.108259999999999934e+01 1.197723421810466971e+04
3.110409999999999897e+01 1.264247206390166502e+04
3.112569999999999837e+01 1.325303856887727488e+04
3.114720000000000155e+01 1.397483177344081196e+04
3.116870000000000118e+01 1.469735027340302622e+04
3.119020000000000081e+01 1.542111116993032738e+04
3.121180000000000021e+01 1.620119074699410157e+04
3.123329999999999984e+01 1.698240616972821590e+04
3.125479999999999947e+01 1.776514440047293829e+04
3.127629999999999910e+01 1.849377909044055559e+04
3.129789999999999850e+01 1.916839605589372877e+04
3.131940000000000168e+01 1.984450763474659107e+04
3.134090000000000131e+01 2.046610798472610986e+04
3.136240000000000094e+01 2.108892354688769046e+04
3.138400000000000034e+01 2.154668347909739168e+04
3.140549999999999997e+01 2.206026680046991169e+04
3.142699999999999960e+01 2.246366704210250828e+04
3.144849999999999923e+01 2.281203037645062432e+04
3.147009999999999863e+01 2.316050494505340976e+04
3.149159999999999826e+01 2.345308971948852195e+04
3.151310000000000144e+01 2.380146190291879248e+04
3.153460000000000107e+01 2.414934542949043316e+04
3.155620000000000047e+01 2.455391643491170908e+04
3.157770000000000010e+01 2.495796805422307807e+04
3.159919999999999973e+01 2.558595981238446620e+04
3.162069999999999936e+01 2.627027328062230299e+04
3.164229999999999876e+01 2.695645150747791558e+04
3.166379999999999839e+01 2.775670901743109061e+04
3.168530000000000157e+01 2.861376476942124646e+04
3.170680000000000121e+01 2.941777594381563176e+04
3.172840000000000060e+01 3.022356176759937080e+04
3.174990000000000023e+01 3.097606855048569923e+04
3.177139999999999986e+01 3.156217190712576485e+04
3.179289999999999949e+01 3.209381894043642387e+04
3.181449999999999889e+01 3.245837777110707248e+04
3.183599999999999852e+01 3.276621534570987569e+04
3.185750000000000171e+01 3.296186515258037252e+04
3.187900000000000134e+01 3.315780026977127272e+04
3.190060000000000073e+01 3.318389294512458582e+04
3.192210000000000036e+01 3.337842923376248655e+04
3.194359999999999999e+01 3.340456187492617028e+04
3.196519999999999939e+01 3.359960463358993729e+04
3.198669999999999902e+01 3.362345738248462294e+04
3.200820000000000221e+01 3.376214080244799698e+04
3.202969999999999828e+01 3.390039026485068462e+04
3.205129999999999768e+01 3.392573902575774264e+04
3.207280000000000086e+01 3.400748974515957525e+04
3.209429999999999694e+01 3.408932549627751723e+04
3.211580000000000013e+01 3.417061408885617857e+04
3.213739999999999952e+01 3.430896742533669021e+04
3.215890000000000271e+01 3.439173868551706983e+04
3.218039999999999878e+01 3.453029231811021600e+04
3.220190000000000197e+01 3.461264171495349001e+04
3.222350000000000136e+01 3.469580627973617084e+04
3.224499999999999744e+01 3.472275930715363211e+04
3.226650000000000063e+01 3.474946640494974417e+04
3.228799999999999670e+01 3.466205422367010033e+04
3.230960000000000321e+01 3.457584983488367288e+04
3.233109999999999928e+01 3.431592138320230879e+04
3.235260000000000247e+01 3.405618131737379008e+04
3.237409999999999854e+01 3.368030140144644974e+04
3.239569999999999794e+01 3.330332932098131278e+04
3.241720000000000113e+01 3.286705366079616215e+04
3.243869999999999720e+01 3.248702277502494326e+04
3.246020000000000039e+01 3.210530132729079924e+04
3.248179999999999978e+01 3.177953869081009543e+04
3.250330000000000297e+01 3.156760598341796504e+04
3.252479999999999905e+01 3.141302171389605428e+04
3.254630000000000223e+01 3.131620589231308259e+04
3.256790000000000163e+01 3.133413717969772188e+04
3.258939999999999770e+01 3.135311984622831733e+04
3.261090000000000089e+01 3.137210073402444323e+04
3.263239999999999696e+01 3.150718319098129359e+04
3.265400000000000347e+01 3.158506004233995918e+04
3.267549999999999955e+01 3.172097876637718946e+04
3.269700000000000273e+01 3.174186308080703384e+04
3.271849999999999881e+01 3.170559654200522345e+04
3.274009999999999820e+01 3.172654028936526083e+04
3.276160000000000139e+01 3.168959127272200931e+04
3.278309999999999746e+01 3.165197944067307617e+04
3.280460000000000065e+01 3.149814576408746871e+04
3.282620000000000005e+01 3.146040352392764544e+04
3.284770000000000323e+01 3.142193318942474070e+04
3.286919999999999931e+01 3.138337246602398227e+04
3.289070000000000249e+01 3.128671315217091251e+04
3.291230000000000189e+01 3.130554517086781925e+04
3.293379999999999797e+01 3.126621158960655521e+04
3.295530000000000115e+01 3.122622908378348438e+04
3.297679999999999723e+01 3.141916883031576072e+04
3.299839999999999662e+01 3.155539989224808596e+04
3.301989999999999981e+01 3.174988482095377913e+04
3.304140000000000299e+01 3.206150218511388448e+04
3.306289999999999907e+01 3.225705200580450401e+04
3.308449999999999847e+01 3.245412808493006742e+04
3.310600000000000165e+01 3.271047825497157828e+04
3.312749999999999773e+01 3.285020113804142602e+04
3.314900000000000091e+01 3.298924281237969990e+04
3.317060000000000031e+01 3.318843244342332036e+04
3.319210000000000349e+01 3.326991035882484721e+04
3.321359999999999957e+01 3.341063786990156950e+04
3.323510000000000275e+01 3.349292699924631597e+04
3.325670000000000215e+01 3.363404923606626835e+04
3.327819999999999823e+01 3.377670136463233939e+04
3.329970000000000141e+01 3.385970583046405955e+04
3.332119999999999749e+01 3.388590929612267792e+04
3.334279999999999688e+01 3.385341088813723036e+04
3.336430000000000007e+01 3.370188697644724016e+04
3.338580000000000325e+01 3.343310705649173906e+04
3.340740000000000265e+01 3.316237238158470427e+04
3.342889999999999873e+01 3.277323105745477369e+04
3.345040000000000191e+01 3.226456586022820557e+04
3.347189999999999799e+01 3.175340188170599868e+04
3.349349999999999739e+01 3.112175838681595633e+04
3.351500000000000057e+01 3.066655208441284776e+04
3.353649999999999665e+01 3.009101001209223978e+04
3.355799999999999983e+01 2.963183069881891788e+04
3.357959999999999923e+01 2.929096136068197302e+04
3.360110000000000241e+01 2.900914398458895812e+04
3.362259999999999849e+01 2.884557809862414433e+04
3.364410000000000167e+01 2.880156903744211377e+04
3.366570000000000107e+01 2.869715332121601750e+04
3.368719999999999715e+01 2.877279794017017412e+04
3.370870000000000033e+01 2.884904039290288711e+04
3.373020000000000351e+01 2.886586682538500827e+04
3.375180000000000291e+01 2.894230563881068883e+04
3.377329999999999899e+01 2.896023401213613397e+04
3.379480000000000217e+01 2.897762606023562330e+04
3.381629999999999825e+01 2.899554674270125179e+04
3.383789999999999765e+01 2.901480741893040249e+04
3.385940000000000083e+01 2.909211235921824118e+04
3.388089999999999691e+01 2.905029046561925497e+04
3.390240000000000009e+01 2.900893086190797840e+04
3.392399999999999949e+01 2.902652938298529989e+04
3.394550000000000267e+01 2.904564878885734288e+04
3.396699999999999875e+01 2.900412007550759881e+04
3.398850000000000193e+01 2.902159397054451983e+04
3.401010000000000133e+01 2.898024373988737352e+04
3.403159999999999741e+01 2.893903362220664349e+04
3.405310000000000059e+01 2.895750077809639333e+04
3.407459999999999667e+01 2.897652108573039368e+04
3.409620000000000317e+01 2.893559185068752777e+04
3.411769999999999925e+01 2.883328038886803915e+04
3.413920000000000243e+01 2.867093525197917552e+04
3.416069999999999851e+01 2.850884867820747968e+04
3.418229999999999791e+01 2.834562389584976700e+04
3.420380000000000109e+01 2.818235988459850705e+04
3.422529999999999717e+01 2.795795580587377117e+04
3.424680000000000035e+01 2.767113147711808051e+04
3.426839999999999975e+01 2.744519007402483840e+04
3.428990000000000293e+01 2.721788511111123444e+04
3.431139999999999901e+01 2.705151677734236000e+04
3.433290000000000219e+01 2.700523092138391439e+04
3.435450000000000159e+01 2.689841234832527698e+04
3.437599999999999767e+01 2.697458344286622014e+04
3.439750000000000085e+01 2.704959227490253761e+04
3.441899999999999693e+01 2.718575522015776005e+04
3.444060000000000343e+01 2.738335845044294547e+04
3.446209999999999951e+01 2.758159598150706734e+04
3.448360000000000269e+01 2.790246855360763220e+04
3.450509999999999877e+01 2.828507085628345158e+04
3.452669999999999817e+01 2.860738538986818457e+04
3.454820000000000135e+01 2.899183496113108413e+04
3.456969999999999743e+01 2.950018576524743185e+04
3.459120000000000061e+01 2.994800578820598093e+04
3.461280000000000001e+01 3.039813627013018049e+04
3.463430000000000319e+01 3.091064484617255584e+04
3.465579999999999927e+01 3.130323420431280465e+04
3.467730000000000246e+01 3.163675145093791070e+04
3.469890000000000185e+01 3.184865782634810239e+04
3.472039999999999793e+01 3.181595762159842343e+04
3.474190000000000111e+01 3.166119019166291764e+04
3.476339999999999719e+01 3.138241556797468002e+04
3.478499999999999659e+01 3.085634702016785377e+04
3.480649999999999977e+01 3.014381407941140060e+04
3.482800000000000296e+01 2.930592102291738775e+04
3.484949999999999903e+01 2.840263195963216640e+04
3.487109999999999843e+01 2.737444678624053267e+04
3.489260000000000161e+01 2.628049132593144896e+04
3.491409999999999769e+01 2.524569726327344324e+04
3.493569999999999709e+01 2.427068982972389495e+04
3.495720000000000027e+01 2.335642587241765796e+04
3.497870000000000346e+01 2.250161663126662825e+04
3.500019999999999953e+01 2.164580255133805986e+04
3.502179999999999893e+01 2.091296326847134696e+04
3.504330000000000211e+01 2.017890341525656913e+04
3.506479999999999819e+01 1.950635800124046000e+04
3.508630000000000138e+01 1.895719870974910737e+04
3.510790000000000077e+01 1.834522251327311460e+04
3.512939999999999685e+01 1.779452166261001912e+04
3.515090000000000003e+01 1.736829201841444956e+04
3.517240000000000322e+01 1.681650281889349935e+04
3.519400000000000261e+01 1.645115138754932195e+04
3.521549999999999869e+01 1.608592866991543815e+04
3.523700000000000188e+01 1.572030239437205637e+04
3.525849999999999795e+01 1.541676138461300434e+04
3.528009999999999735e+01 1.511298242583459069e+04
3.530160000000000053e+01 1.480931317177093479e+04
3.532309999999999661e+01 1.438010642729475512e+04
3.534459999999999980e+01 1.401303211843857753e+04
3.536619999999999919e+01 1.352071072591865232e+04
3.538770000000000238e+01 1.308999013199991714e+04
3.540919999999999845e+01 1.253351368712078875e+04
3.543070000000000164e+01 1.191360888345926833e+04
3.545230000000000103e+01 1.129281963466303569e+04
3.547379999999999711e+01 1.073371059434203744e+04
3.549530000000000030e+01 1.011135815091552286e+04
3.551680000000000348e+01 9.488002590860087366e+03
3.553840000000000288e+01 8.926815693658985765e+03
3.555989999999999895e+01 8.302223034591532269e+03
3.558140000000000214e+01 7.803034465755307792e+03
3.560289999999999822e+01 7.239914928912435244e+03
3.562449999999999761e+01 6.802305702183645735e+03
3.564600000000000080e+01 6.238348677888053317e+03
3.566749999999999687e+01 5.862975657617726938e+03
3.568900000000000006e+01 5.424002874418268220e+03
3.571059999999999945e+01 5.047840390962873244e+03
3.573210000000000264e+01 4.671409154518793912e+03
3.575359999999999872e+01 4.357395672226044553e+03
3.577510000000000190e+01 4.043464591584954178e+03
3.579670000000000130e+01 3.792365917593856921e+03
3.581819999999999737e+01 3.541024210601403411e+03
3.583970000000000056e+01 3.289688745056041171e+03
3.586119999999999663e+01 3.164405364501626082e+03
3.588280000000000314e+01 2.975841529703209289e+03
3.590429999999999922e+01 2.787116899101876697e+03
3.592580000000000240e+01 2.598226520969685680e+03
3.594729999999999848e+01 2.599400923941043857e+03
3.596889999999999787e+01 2.410265195487725123e+03
3.599040000000000106e+01 2.411398036497750127e+03
3.601189999999999714e+01 2.222041368674970272e+03
3.603340000000000032e+01 2.223042564902012145e+03
3.605499999999999972e+01 2.224132992767321412e+03
3.607650000000000290e+01 2.097812027687029058e+03
3.609799999999999898e+01 2.035376738819108823e+03
3.611950000000000216e+01 2.036367459511793641e+03
3.614110000000000156e+01 1.973595540805520841e+03
3.616259999999999764e+01 1.910752392891707814e+03
3.618410000000000082e+01 1.848099665933433243e+03
3.620559999999999690e+01 1.848996797639648548e+03
3.622720000000000340e+01 1.849898862587053145e+03
3.624869999999999948e+01 1.850795647539966694e+03
3.627020000000000266e+01 1.723857274901514756e+03
3.629169999999999874e+01 1.724691855290824606e+03
3.631329999999999814e+01 1.661764404945336764e+03
3.633480000000000132e+01 1.662595375000945523e+03
3.635629999999999740e+01 1.663398625197982938e+03
3.637780000000000058e+01 1.664201720665533458e+03
3.639939999999999998e+01 1.665009235752547511e+03
3.642090000000000316e+01 1.537599043442167613e+03
3.644239999999999924e+01 1.538367807593189355e+03
3.646399999999999864e+01 1.539112764144422727e+03
3.648550000000000182e+01 1.539880989880654852e+03
3.650699999999999790e+01 1.476594526733817474e+03
3.652850000000000108e+01 1.477356162256922516e+03
3.655010000000000048e+01 1.478069596072332160e+03
3.657159999999999656e+01 1.478806782164440619e+03
3.659309999999999974e+01 1.479568079117687148e+03
3.661460000000000292e+01 1.480277080736487051e+03
3.663620000000000232e+01 1.416590077826222114e+03
3.665769999999999840e+01 1.352802546638221656e+03
3.667920000000000158e+01 1.353498242574100914e+03
3.670069999999999766e+01 1.354169593155507982e+03
3.672229999999999706e+01 1.354844284675007430e+03
3.674380000000000024e+01 1.355515404326029056e+03
3.676530000000000342e+01 1.356210710350875388e+03
3.678679999999999950e+01 1.356905913838587367e+03
3.680839999999999890e+01 1.293069788943959111e+03
3.682990000000000208e+01 1.293730589583472465e+03
3.685139999999999816e+01 1.294370462986485336e+03
3.687290000000000134e+01 1.295055643604080387e+03
3.689450000000000074e+01 1.295695123686129591e+03
3.691599999999999682e+01 1.296359271672131399e+03
3.693750000000000000e+01 1.297019618133299446e+03
3.695900000000000318e+01 1.297679885722003519e+03
3.698060000000000258e+01 1.298322671085545835e+03
3.700209999999999866e+01 1.168963750462654389e+03
3.702360000000000184e+01 1.169579848259905702e+03
3.704509999999999792e+01 1.170174765171016588e+03
3.706669999999999732e+01 1.170751844096969762e+03
3.708820000000000050e+01 1.171346594007774229e+03
3.710969999999999658e+01 1.171962404139762157e+03
3.713119999999999976e+01 1.172557011813959889e+03
3.715279999999999916e+01 1.173133731861363231e+03
3.717430000000000234e+01 1.173749326443308746e+03
3.719579999999999842e+01 1.174343695567018358e+03
3.721730000000000160e+01 1.174959155434005652e+03
3.723890000000000100e+01 1.175535532759323360e+03
3.726039999999999708e+01 1.176129663558201628e+03
3.728190000000000026e+01 1.176744908186343537e+03
3.730340000000000344e+01 1.177338879978128944e+03
3.732500000000000284e+01 1.112646486634766688e+03
3.734649999999999892e+01 1.113188676802848022e+03
3.736800000000000210e+01 1.113769533673548494e+03
3.738949999999999818e+01 1.114329089496560982e+03
3.741109999999999758e+01 1.114912799097330435e+03
3.743260000000000076e+01 1.115472220064834346e+03
3.745409999999999684e+01 1.116052821975384404e+03
3.747560000000000002e+01 1.116612091205997558e+03
3.749719999999999942e+01 1.117177972321177322e+03
3.751870000000000260e+01 1.117758380280692336e+03
3.754019999999999868e+01 1.118317439601306432e+03
3.756170000000000186e+01 1.118897720371056266e+03
3.758330000000000126e+01 9.876440975579490669e+02
3.760479999999999734e+01 9.881559507029287488e+02
3.762630000000000052e+01 9.886677516596610076e+02
3.764779999999999660e+01 9.891617256575231067e+02
3.766940000000000310e+01 9.896760422651941553e+02
3.769089999999999918e+01 9.901876793152141545e+02
3.771240000000000236e+01 9.906638192784230341e+02
3.773389999999999844e+01 9.911753347033478576e+02
3.775549999999999784e+01 9.916894274998502397e+02
3.777700000000000102e+01 9.922008414519968937e+02
3.779849999999999710e+01 9.926943804324472467e+02
3.782000000000000028e+01 9.932056829743600019e+02
3.784159999999999968e+01 9.937195594595345938e+02
3.786310000000000286e+01 9.942307577638329121e+02
3.788459999999999894e+01 9.947240463209232075e+02
3.790610000000000213e+01 9.952351333270909208e+02
3.792770000000000152e+01 9.957487937173732462e+02
3.794919999999999760e+01 9.962597765897734234e+02
3.797070000000000078e+01 9.967707074842578550e+02
3.799230000000000018e+01 9.972842113771836239e+02
3.801380000000000337e+01 9.977771455863085066e+02
3.803529999999999944e+01 9.982879132467238605e+02
3.805680000000000263e+01 9.987986289809909977e+02
3.807840000000000202e+01 9.993119171551576301e+02
3.809989999999999810e+01 9.998225289332825696e+02
3.812140000000000128e+01 1.000333088822174545e+03
3.814289999999999736e+01 1.000825655020839804e+03
3.816449999999999676e+01 1.001338727691798454e+03
3.818599999999999994e+01 1.001849124628346999e+03
3.820750000000000313e+01 9.356618790233538903e+02
3.822899999999999920e+01 9.361382035480831973e+02
3.825059999999999860e+01 9.366169283298501114e+02
3.827210000000000178e+01 9.370931559822587360e+02
3.829359999999999786e+01 9.375693352813390220e+02
3.831510000000000105e+01 9.380454662385124038e+02
3.833670000000000044e+01 9.385239969736921921e+02
3.835819999999999652e+01 9.390000311502259365e+02
3.837969999999999970e+01 9.394760170191947282e+02
3.840120000000000289e+01 9.399662528786428766e+02
3.842280000000000229e+01 9.404445955039145701e+02
3.844429999999999836e+01 9.409204421016825108e+02
3.846580000000000155e+01 9.413962404356270781e+02
3.848729999999999762e+01 9.418719905171632263e+02
3.850889999999999702e+01 9.423501394547259906e+02
3.853040000000000020e+01 9.428257929346872288e+02
3.855190000000000339e+01 9.433013981964795676e+02
3.857339999999999947e+01 9.437769552514955649e+02
3.859499999999999886e+01 9.442549106842916444e+02
3.861650000000000205e+01 8.771997051169313409e+02
3.863799999999999812e+01 8.100692579537235360e+02
3.865950000000000131e+01 8.104910397180066184e+02
3.868110000000000070e+01 8.109005131352356557e+02
3.870259999999999678e+01 8.113078488174245422e+02
3.872409999999999997e+01 8.117151432604003958e+02
3.874560000000000315e+01 8.121369111721538729e+02
3.876720000000000255e+01 8.125462248498739655e+02
3.878869999999999862e+01 8.129534012404350278e+02
3.881020000000000181e+01 8.133605364287595876e+02
3.883169999999999789e+01 8.137820474508047255e+02
3.885329999999999728e+01 8.142057401854902992e+02
3.887480000000000047e+01 8.146127630995979416e+02
3.889629999999999654e+01 8.150197448464620038e+02
3.891779999999999973e+01 8.154266854357923648e+02
3.893939999999999912e+01 8.158356800191822913e+02
3.896090000000000231e+01 8.162425382106608822e+02
3.898239999999999839e+01 8.166638143902249567e+02
3.900390000000000157e+01 8.170705960001055246e+02
3.902550000000000097e+01 8.174794312305120911e+02
3.904699999999999704e+01 8.179007276193684675e+02
3.906850000000000023e+01 8.183073915077080756e+02
3.909000000000000341e+01 8.187140143122256859e+02
3.911160000000000281e+01 8.191372998970764456e+02
3.913309999999999889e+01 8.195583472598686967e+02
3.915460000000000207e+01 8.199648580968229226e+02
3.917609999999999815e+01 8.203713278848031223e+02
3.919769999999999754e+01 8.207798505824862332e+02
3.921920000000000073e+01 8.211862381898117746e+02
3.924069999999999681e+01 8.215925847771773078e+02
3.926219999999999999e+01 8.220280840975209458e+02
3.928379999999999939e+01 8.224364535675357502e+02
3.930530000000000257e+01 8.228573514230089359e+02
3.932679999999999865e+01 8.232635508946983691e+02
3.934830000000000183e+01 8.236697093889000598e+02
3.936990000000000123e+01 8.240924880313177709e+02
3.939139999999999731e+01 8.244985701206869635e+02
3.941290000000000049e+01 8.249046112595892737e+02
3.943439999999999657e+01 8.253253156144995728e+02
3.945600000000000307e+01 8.257480784841545756e+02
3.947749999999999915e+01 8.261686064892079457e+02
3.949900000000000233e+01 8.265745007464765877e+02
3.952060000000000173e+01 8.269824466307968578e+02
3.954209999999999781e+01 8.273882589700052677e+02
3.956360000000000099e+01 8.277940304203701771e+02
3.958509999999999707e+01 8.282291360870385688e+02
3.960669999999999646e+01 8.286516763545428148e+02
3.962819999999999965e+01 8.290573419872720251e+02
3.964970000000000283e+01 8.294629667638317869e+02
3.967119999999999891e+01 8.298832044336971876e+02
3.969279999999999831e+01 8.302908449267293918e+02
3.971430000000000149e+01 8.307111351552381393e+02
3.973579999999999757e+01 8.311313911100577343e+02
3.975730000000000075e+01 8.315368285083615092e+02
3.977890000000000015e+01 8.319590006940221656e+02
3.980040000000000333e+01 8.323643619809273559e+02
3.982189999999999941e+01 8.327696824807586609e+02
3.984340000000000259e+01 8.331897808677873627e+02
3.986500000000000199e+01 8.336266450209164987e+02
3.988649999999999807e+01 7.646473820897120959e+02
3.990800000000000125e+01 7.650188365911068331e+02
3.992949999999999733e+01 7.653902537276502471e+02
3.995109999999999673e+01 7.657894497330306649e+02
3.997259999999999991e+01 7.661756519628515889e+02
3.999410000000000309e+01 7.665469723709029495e+02
4.001559999999999917e+01 7.669182409850508293e+02
4.003719999999999857e+01 7.673024719580968167e+02
4.005870000000000175e+01 7.676885641637558138e+02
4.008019999999999783e+01 7.680746255206810247e+02
4.010170000000000101e+01 7.684457746262287401e+02
4.012330000000000041e+01 7.688298898750298349e+02
4.014479999999999649e+01 7.692009684728928960e+02
4.016629999999999967e+01 7.696018253013495496e+02
4.018780000000000285e+01 7.699839421369193815e+02
4.020940000000000225e+01 7.703568401491943405e+02
4.023089999999999833e+01 7.707277849376714585e+02
4.025240000000000151e+01 7.711136274155265937e+02
4.027389999999999759e+01 7.715105591440591297e+02
4.029549999999999699e+01 7.718833231114271030e+02
4.031700000000000017e+01 7.722541341902006025e+02
4.033850000000000335e+01 7.726360424246933007e+02
4.035999999999999943e+01 7.730367090699613755e+02
4.038159999999999883e+01 7.734093390921810851e+02
4.040310000000000201e+01 7.737800165608244924e+02
4.042459999999999809e+01 7.741618096666524025e+02
4.044610000000000127e+01 7.745474069736510501e+02
4.046770000000000067e+01 7.749348884215995668e+02
4.048919999999999675e+01 7.753165994847971660e+02
4.051069999999999993e+01 7.051269626625803539e+02
4.053220000000000312e+01 6.348736547347831447e+02
4.055380000000000251e+01 6.351895365688428683e+02
4.057529999999999859e+01 6.355037496889773365e+02
4.059680000000000177e+01 6.358067510668317937e+02
4.061829999999999785e+01 6.361210016869263200e+02
4.063989999999999725e+01 6.364479925164154110e+02
4.066140000000000043e+01 6.367509152301082622e+02
4.068289999999999651e+01 6.370538075979153518e+02
4.070439999999999969e+01 6.373904762440383820e+02
4.072599999999999909e+01 6.376948862340842652e+02
4.074750000000000227e+01 6.379976999946178466e+02
4.076899999999999835e+01 6.383117116651064862e+02
4.079050000000000153e+01 6.386370985182525146e+02
4.081210000000000093e+01 6.389413993628634216e+02
4.083359999999999701e+01 6.392553467088183652e+02
4.085510000000000019e+01 6.395580254359578021e+02
4.087660000000000338e+01 6.398833403910557536e+02
4.089820000000000277e+01 6.401987888453878668e+02
4.091969999999999885e+01 6.405013890750964265e+02
4.094120000000000203e+01 6.408266541411315984e+02
4.096269999999999811e+01 6.411404729845020256e+02
4.098429999999999751e+01 6.414445599376768996e+02
4.100580000000000069e+01 6.417470514517368656e+02
4.102729999999999677e+01 6.420835297452026680e+02
4.104890000000000327e+01 6.423875381144792982e+02
4.107039999999999935e+01 6.426899512274909512e+02
4.109190000000000254e+01 6.430263938711321998e+02
4.111339999999999861e+01 6.433287589295994167e+02
4.113499999999999801e+01 6.436326584478250652e+02
4.115650000000000119e+01 6.439462764014200502e+02
4.117799999999999727e+01 6.442713521726610679e+02
4.119950000000000045e+01 6.445736086853247571e+02
4.122109999999999985e+01 6.448887270217823016e+02
4.124260000000000304e+01 6.452137530018463849e+02
4.126409999999999911e+01 6.455159312322780352e+02
4.128560000000000230e+01 6.458294210010841425e+02
4.130720000000000169e+01 6.461559615076802174e+02
4.132869999999999777e+01 6.464580614954367093e+02
4.135020000000000095e+01 6.467714871894747830e+02
4.137169999999999703e+01 6.470849741362526402e+02
4.139330000000000354e+01 6.474113654751075728e+02
4.141479999999999961e+01 6.477133612146830046e+02
4.143630000000000280e+01 6.480153268107084159e+02
4.145779999999999887e+01 6.483515616947696572e+02
4.147939999999999827e+01 6.486550431670563057e+02
4.150090000000000146e+01 6.489569306295094293e+02
4.152239999999999753e+01 6.492931299410554402e+02
4.154390000000000072e+01 6.495949695018588272e+02
4.156550000000000011e+01 6.499097466734261843e+02
4.158700000000000330e+01 6.502345062555272079e+02
4.160849999999999937e+01 6.505362677447274109e+02
4.163000000000000256e+01 6.508494173936281868e+02
4.165160000000000196e+01 6.511756907283714781e+02
4.167309999999999803e+01 6.514773741853726960e+02
4.169460000000000122e+01 6.517904599214574546e+02
4.171609999999999729e+01 6.521151202280296957e+02
4.173769999999999669e+01 6.524297312776094486e+02
4.175919999999999987e+01 6.527313107672238175e+02
4.178070000000000306e+01 6.530559214531705265e+02
4.180219999999999914e+01 6.533689054704319688e+02
4.182379999999999853e+01 6.536719700209382609e+02
4.184530000000000172e+01 6.540079975305247899e+02
4.186679999999999779e+01 6.543094512882576055e+02
4.188830000000000098e+01 6.546108750190470573e+02
4.190990000000000038e+01 6.549484297753969031e+02
4.193139999999999645e+01 6.552498056545319969e+02
4.195289999999999964e+01 6.555511515235326669e+02
4.197440000000000282e+01 6.558871080308962291e+02
4.199600000000000222e+01 6.561899686591041245e+02
4.201749999999999829e+01 6.565259074229428506e+02
4.203900000000000148e+01 6.568271577286941465e+02
4.206049999999999756e+01 6.571283780509005510e+02
4.208209999999999695e+01 6.574658436769844911e+02
4.210360000000000014e+01 6.577670162050429781e+02
4.212510000000000332e+01 6.580796872822202204e+02
4.214659999999999940e+01 6.584040265841781547e+02
4.216819999999999879e+01 6.587182220388281166e+02
4.218970000000000198e+01 6.590192909389696752e+02
4.221119999999999806e+01 6.593435807508866446e+02
4.223270000000000124e+01 6.596561504137256406e+02
4.225430000000000064e+01 6.599703371924707653e+02
4.227579999999999671e+01 6.602945063805376549e+02
4.229729999999999990e+01 6.605954499475617467e+02
4.231880000000000308e+01 6.609196626367985345e+02
4.234040000000000248e+01 6.612336926668313026e+02
4.236189999999999856e+01 6.615345586090517145e+02
4.238340000000000174e+01 6.618703082569689968e+02
4.240489999999999782e+01 6.621711265872492049e+02
4.242649999999999721e+01 6.624967446032268299e+02
4.244800000000000040e+01 6.628091907168262651e+02
4.246949999999999648e+01 6.631099314837043721e+02
4.249099999999999966e+01 6.634456280077253041e+02
4.251259999999999906e+01 6.637478824943759719e+02
4.253410000000000224e+01 6.640601659956981848e+02
4.255559999999999832e+01 6.643842068589856353e+02
4.257719999999999771e+01 6.646980138782352014e+02
4.259870000000000090e+01 6.650220271042664990e+02
4.262019999999999698e+01 6.653225951674622820e+02
4.264170000000000016e+01 6.656347775371140187e+02
4.266329999999999956e+01 6.659603023999560492e+02
4.268480000000000274e+01 6.662724470991023509e+02
4.270629999999999882e+01 6.665963833742094948e+02
4.272780000000000200e+01 6.669084904671299228e+02
4.274940000000000140e+01 6.672104685478922192e+02
4.277089999999999748e+01 6.675460293995947723e+02
4.279240000000000066e+01 6.678463991624777236e+02
4.281389999999999674e+01 6.681584969710977475e+02
4.283550000000000324e+01 6.684838252048721188e+02
4.285699999999999932e+01 6.687841176234227305e+02
4.287850000000000250e+01 6.691196254407899460e+02
4.289999999999999858e+01 6.694198704065923948e+02
4.292159999999999798e+01 6.697569209707131677e+02
4.294310000000000116e+01 6.700571184140807190e+02
4.296459999999999724e+01 6.703690036325466508e+02
4.298610000000000042e+01 6.706927409048116715e+02
4.300769999999999982e+01 6.709944213420866390e+02
4.302920000000000300e+01 6.713298584861061045e+02
